id	node.degree	node.betw	node.stress	node.evcent	Clustering.Coefficient	No..module	Zi	Pi
OTU_1002	21	25.3304871600018	978	0.0633059763335404	0.571428571428571	2	-0.11800805137331	0
OTU_1010	2	55.2109939508763	107452	4.74976227943324e-07	0	4	-0.644305169381337	0.5
OTU_1015	15	145.686205913708	142831	0.000221346597187893	0.6	0	-0.216450511282203	0
OTU_1017	12	787.551112533987	166858	0.011799974654522	0.560606060606061	2	-0.601488799163959	0
OTU_1018	19	1568.16483365194	2444640	2.29170725883458e-05	0.304093567251462	1	0.938418739770546	0
OTU_1019	6	34.1208266827779	5283	0.00794793107152754	0.866666666666667	2	-0.923809297691058	0
OTU_1035	2	12293.7163373193	14191086	4.95719054673364e-08	0	4	-0.644305169381337	0.5
OTU_1042	6	98.8644447364178	170031	1.16072272769445e-06	0.266666666666667	1	-0.362029564581531	0
OTU_1052	18	24.3544842078781	89793	5.00808841502108e-05	0.248366013071895	0	-0.0134312966428097	0
OTU_106	17	90.6555094520059	76271	3.12920005330598e-05	0.220588235294118	0	-0.081104368189274	0
OTU_1080	1	0	0	1.16748671860454e-113	0	12	-0.5	0
OTU_1086	6	57.4408508698272	202021	4.1752261930857e-07	0.266666666666667	1	-0.362029564581531	0
OTU_1092	1	0	0	1.50894121725442e-139	0	39	0	0
OTU_1128	8	4.67824675324675	30	8.27678107931224e-06	0.785714285714286	1	-0.161960594681211	0
OTU_1145	1	0	0	2.42952314664225e-05	0	2	-1.19240971313031	0
OTU_1152	2	0	0	6.46532263262936e-84	1	8	-0.76271276980969	0
OTU_1164	5	5253	326277	6.95697372391372e-05	0	3	2.15455453937882	0
OTU_1173	29	583.114181559384	1122276	0.000146234140595759	0.394088669950739	0	0.730972490368297	0
OTU_1180	1	0	0	1.29267811706486e-07	0	0	-1.1638735129327	0
OTU_1183	9	437.707341327312	215191	4.02187649142469e-07	0.25	1	-0.0619261097310512	0
OTU_1187	1	0	0	1.50894121725442e-139	0	43	0	0
OTU_120	1	0	0	1.32727873120137e-126	0	18	0	0
OTU_1202	20	410.448003772776	456493	4.57429445997191e-05	0.184210526315789	0	0.121914846450119	0
OTU_1208	25	17.1877405996998	2078	0.0932981931772417	0.596666666666667	2	0.0968722809780899	0
OTU_121	1	0	0	0.00268128761952966	0	2	-1.19240971313031	0
OTU_1211	22	944.045502044315	673895	5.04972296242656e-05	0.168831168831169	0	0.257260989543047	0
OTU_1218	1	0	0	7.28917660836658e-06	0	2	-1.19240971313031	0
OTU_1249	18	24.1766892340091	687	3.24197609272779e-05	0.111111111111111	0	-0.0134312966428097	0
OTU_1254	1	0	0	1.13265173504369e-08	0	1	-0.862201989332329	0
OTU_1278	17	209.50467836097	238932	3.78256223368721e-05	0.205882352941176	0	-0.081104368189274	0
OTU_1281	1	0	0	1.07470931667646e-08	0	1	-0.862201989332329	0
OTU_1282	21	49.1442275021472	169899	7.37126934466967e-05	0.323809523809524	0	0.189587917996583	0
OTU_1283	4	26.4177080211674	17126	3.50082861710612e-06	0.166666666666667	0	-0.960854298293309	0
OTU_1326	26	290.495932886576	671290	0.0982764974935714	0.572307692307692	2	0.15059236406594	0
OTU_1327	25	730.804485261799	433624	0.0721646584799884	0.416666666666667	2	0.0968722809780899	0
OTU_1332	24	406.162075110781	793037	0.00013493005553245	0.416666666666667	0	0.392607132635976	0
OTU_134	12	5.46032752959268	209	0.0314040283296782	0.318181818181818	2	-0.601488799163959	0
OTU_1342	2	192	308406	1.48716387893758e-06	0	0	-1.09620044138624	0
OTU_1345	27	569.739952984603	784161	0.0915288773185787	0.472934472934473	2	0.20431244715379	0
OTU_136	10	85.2588756314646	11605	2.106113961204e-05	0.666666666666667	1	0.0381083752191085	0
OTU_137	40	453.598608667543	89705	0.122886180892522	0.512820512820513	2	0.902673527295838	0
OTU_138	48	3792.22621093911	3951586	1.49222286127031e-06	0.12854609929078	1	3.83941880332518	0
OTU_1385	10	1794.83579571472	2471428	1.49064009223163e-07	0.222222222222222	1	0.0381083752191085	0
OTU_1388	7	12.9587210674401	3305	1.53560096323435e-05	0.80952380952381	1	-0.261995079631371	0
OTU_1389	20	193.894777538894	126243	5.54223834555919e-07	0.0842105263157895	1	1.03845322472071	0
OTU_139	51	901.157791508596	1470285	9.51486845714163e-05	0.217254901960784	0	2.21978006439051	0
OTU_1391	5	2.25	9	2.37336607969079e-84	0.7	5	0.898026510133875	0
OTU_1397	18	19.9719602437484	56367	4.29869395137942e-05	0.228758169934641	0	-0.0134312966428097	0
OTU_1401	2	0.5	1	2.33497343720909e-113	0	14	0	0
OTU_1402	1	0	0	1.16748671860454e-113	0	12	-0.5	0
OTU_141	61	1319.38973922749	1979112	0.176327260513657	0.458469945355191	2	2.03079527214069	0
OTU_1417	20	145.540150323034	520798	6.62382867588083e-05	0.3	0	0.121914846450119	0
OTU_142	2	0	0	5.00382024021194e-08	1	4	-0.0859073559175115	0
OTU_145	7	0.468090251910892	19	0.0127644620079767	0.714285714285714	2	-0.870089214603208	0
OTU_1458	7	1.15329865479758	87	1.42506067164065e-07	0.476190476190476	1	-0.261995079631371	0
OTU_1461	2	0.833333333333333	2	2.57862172825258e-106	0	10	-0.707106781186549	0
OTU_1481	2	1	2	6.53155186771231e-111	0	11	0	0
OTU_15	37	542.326462517216	628351	0.000159434363910223	0.417417417417417	0	1.27235706274001	0
OTU_1514	9	13.202138804426	103311	1.62324269917463e-07	0.277777777777778	1	-0.0619261097310512	0
OTU_1516	9	528.045486832056	32771	4.02741720380508e-07	0.277777777777778	1	-0.0619261097310512	0
OTU_1517	1	0	0	1.50894121725442e-139	0	32	0	0
OTU_1521	1	0	0	1.50894121725442e-139	0	35	0	0
OTU_1523	8	466.968487180953	443531	1.34794170338231e-07	0.321428571428571	1	-0.161960594681211	0
OTU_1526	6	14.4166666666667	48	1.31509060307614e-83	0.0666666666666667	8	1.17873791697861	0
OTU_1527	1	0	0	1.32727873120137e-126	0	19	0	0
OTU_1536	19	18.6521672542618	100047	5.88335500075148e-05	0.298245614035088	0	0.0542417749036546	0
OTU_1539	15	3352.2153908079	4894493	1.92790678377184e-05	0.266666666666667	0	-0.284123582828667	0.124444444444444
OTU_1541	34	388.245028257265	972451	0.119940721917538	0.609625668449198	2	0.580353028768739	0
OTU_1551	2	385	20403	1.26114284022043e-09	0	3	-0.307793505625546	0
OTU_1556	23	32.3627386054093	100444	7.1405921849831e-05	0.264822134387352	0	0.324934061089512	0
OTU_156	39	4881.19195134903	7157435	0.079826666182798	0.314439946018893	2	0.848953444207988	0
OTU_1560	24	1948.67164328948	2012002	5.71134828518095e-05	0.177536231884058	0	0.392607132635976	0
OTU_1561	2	1	1	2.65455746240273e-126	0	18	0	0
OTU_1565	13	13.1247253746078	44753	3.96726355083453e-05	0.307692307692308	0	-0.351796654375131	0
OTU_157	3	1.36666666666667	7	7.62884556809932e-84	0	8	-0.277350098112615	0
OTU_158	19	18.9362083148062	45034	5.17609440831659e-05	0.263157894736842	0	0.0542417749036546	0
OTU_16	42	820.475636508672	1113747	6.04929010185456e-05	0.101045296167247	0	1.61072242047233	0
OTU_1608	1	0	0	1.13265173504369e-08	0	1	-0.862201989332329	0
OTU_1627	34	388.245028257265	972451	0.119940721917538	0.609625668449198	2	0.580353028768739	0
OTU_1647	2	385	191671	1.07543650947012e-08	0	1	-0.76216750438217	0
OTU_165	24	271.083340465294	652449	0.0900106585444237	0.579710144927536	2	0.04315219789024	0
OTU_166	4	385	22649	0.000934304941540435	0.5	2	-1.03124946386676	0
OTU_1665	1	0	0	3.43285323235623e-84	0	8	-1.24807544150677	0
OTU_1683	1	0	0	1.50894121725442e-139	0	40	0	0
OTU_1685	11	1232.15961290022	688047	4.13293541440371e-07	0.163636363636364	1	0.138142860169268	0
OTU_1696	32	1338.0737385182	944973	0.100432953620699	0.425403225806452	2	0.472912862593039	0
OTU_1698	30	1085.70145786985	867763	0.0996922407989044	0.439080459770115	2	0.365472696417339	0
OTU_17	27	24.5268798493381	919	7.10673084980369e-05	0.333333333333333	0	0.595626347275369	0
OTU_179	10	182.298448066299	366935	2.0528392060897e-05	0.0444444444444444	0	-0.554815869014524	0
OTU_1793	43	2356.50521203241	2220657	3.79453279844185e-07	0.203765227021041	1	3.33924637857438	0
OTU_1811	8	26.95	75	1.52023560127175e-83	0.0357142857142857	8	2.14946326037276	0
OTU_182	2	1	1	2.65455746240273e-126	0	15	0	0
OTU_1828	3	0	0	4.87777184095649e-98	1	9	0	0
OTU_1829	21	227.684480810467	473399	5.04599840613348e-05	0.195238095238095	0	0.189587917996583	0
OTU_188	1	0	0	1.50894121725442e-139	0	32	0	0
OTU_19	15	50.9828022792857	23504	2.23921802735248e-05	0.238095238095238	0	-0.216450511282203	0
OTU_1916	15	62.0110020005355	137555	4.32054339834328e-05	0.276190476190476	0	-0.216450511282203	0
OTU_1918	4	2.60226048381946	85	0.00488344274862443	0.333333333333333	2	-1.03124946386676	0
OTU_1921	1	0	0	1.50894121725442e-139	0	45	0	0
OTU_1925	18	205.098044893883	329539	4.84338521934187e-05	0.228758169934641	0	-0.0134312966428097	0
OTU_1935	59	556.611456459091	221161	0.17135692295563	0.448275862068966	2	1.92335510596499	0
OTU_1936	14	422.888281475197	329721	2.20014767869772e-05	0.494505494505495	1	0.438246315019748	0
OTU_1938	9	1427.54026139054	1365134	6.90310895462765e-06	0.25	1	-0.0619261097310512	0
OTU_1948	13	1224.49038002733	611896	6.219917377025e-05	0.205128205128205	0	-0.351796654375131	0
OTU_1952	44	378.379910662733	47101	0.120689984907715	0.394291754756871	2	1.11755385964724	0
OTU_1953	10	8.1723550020553	623	0.000211312025638873	0.844444444444444	0	-0.554815869014524	0
OTU_1956	52	5135.36149613342	4460173	1.75258394609343e-06	0.153846153846154	1	4.23955674312582	0
OTU_1966	2	0	0	1.25287900624884e-05	1	0	-1.09620044138624	0
OTU_1967	64	1164.09380977479	1164591	0.186750241411295	0.460813492063492	2	2.19195552140424	0
OTU_198	1	0	0	1.55566968067212e-116	0	7	-0.75	0
OTU_1982	2	0	0	1.26558422707948e-08	1	0	-1.09620044138624	0
OTU_1989	2	5565	346596	0.00266815536854095	0	3	-1.12857618729367	0.5
OTU_1992	25	357.160631627913	683087	0.0915857087315237	0.54	2	0.0968722809780899	0
OTU_1995	24	228.75364374329	426981	8.32795627754404e-05	0.293478260869565	0	0.392607132635976	0
OTU_1997	25	290.964569397336	240090	2.77667625958363e-05	0.0966666666666667	0	0.46028020418244	0
OTU_1998	1	0	0	1.80905911350165e-06	0	3	-1.12857618729367	0
OTU_2007	1	0	0	1.50894121725442e-139	0	39	0	0
OTU_2013	1	0	0	1.50894121725442e-139	0	34	0	0
OTU_2014	55	2403.53475477889	2829758	0.161122773970989	0.4996632996633	2	1.70847477361359	0
OTU_2020	59	298.342840828797	426722	0.17635313688167	0.472822910578609	2	1.92335510596499	0
OTU_2029	4	1717	122390	4.8466128136827e-08	0.333333333333333	3	1.3337718577107	0
OTU_2034	14	62.2455909097373	113047	4.78547050850043e-07	0.703296703296703	1	0.438246315019748	0
OTU_2041	4	2.5	9	1.85596456567857e-84	0.5	5	0.179605302026775	0
OTU_2042	43	9831.085664779	10009178	0.102575961283803	0.387596899224806	2	1.06383377655939	0
OTU_2056	63	4243.74627914168	4727326	0.000298584689443472	0.23963133640553	0	3.03185692294808	0
OTU_2057	36	192.501749165451	255945	0.0891289884198792	0.433333333333333	2	0.687793194944439	0
OTU_2069	3	2.83333333333333	14	8.23163177472657e-84	0	8	-0.277350098112615	0
OTU_207	2	2	8	5.03108900374831e-96	0	6	-0.209656967344384	0
OTU_2085	15	2236.57635626641	3288376	0.00124158607285751	0.580952380952381	0	-0.284123582828667	0.124444444444444
OTU_21	5	0	0	0.0190954805356298	1	2	-0.977529380778908	0
OTU_2102	6	1.29166666666667	5	1.4946158325676e-05	0.8	1	-0.362029564581531	0
OTU_2103	1	0	0	1.4971231282442e-06	0	0	-1.1638735129327	0
OTU_2104	5	385	62548	5.75738289925359e-05	0.6	0	-0.893181226746845	0
OTU_2105	12	15114.8016594508	12964175	0.00730908529939023	0.454545454545455	2	-0.708928965339658	0.277777777777778
OTU_2110	52	1632.62545151058	2583667	9.93271320755503e-05	0.181749622926094	0	2.28745313593698	0
OTU_2113	3	768	512134	4.74041004255779e-07	0.333333333333333	0	-1.02852736983977	0
OTU_2170	31	407.9282629781	938458	0.105402282551742	0.455913978494624	2	0.419192779505189	0
OTU_2175	9	526.320867059873	580711	1.54208176455839e-07	0.277777777777778	1	-0.0619261097310512	0
OTU_2187	29	6120.20571182722	787273	0.102537839007559	0.5	2	0.25803253024164	0.0665873959571937
OTU_2215	8	132.852576370501	331385	4.32796169784886e-07	0.25	1	-0.161960594681211	0
OTU_2232	1	0	0	1.50894121725442e-139	0	29	0	0
OTU_2236	26	572.998269159104	882342	0.000139070395418072	0.387692307692308	0	0.527953275728904	0
OTU_2254	1	0	0	0.00246989116186732	0	2	-1.19240971313031	0
OTU_2258	16	33.1282180273978	710	5.20860475317336e-05	0.283333333333333	0	-0.148777439735738	0
OTU_2284	2	1	1	2.65455746240273e-126	0	20	0	0
OTU_2301	12	2119.64105893623	2507238	1.537444930902e-07	0.303030303030303	1	0.238177345119428	0
OTU_2328	19	21611.2151455527	23571825	0.0389465787807069	0.409356725146199	2	-0.547768716076109	0.43213296398892
OTU_233	43	919.628682449991	1427966	6.44283923083748e-05	0.0365448504983389	0	1.6783954920188	0
OTU_2333	13	742.438465250328	91118	0.0112785662564689	0.5	2	-0.547768716076109	0
OTU_2334	1	0	0	1.32727873120137e-126	0	17	0	0
OTU_2335	17	7.58990250031842	274	0.000113638192608303	0.779411764705882	0	-0.081104368189274	0
OTU_2338	3	10.0209333886465	1247	0.00759087773611613	0.333333333333333	2	-1.08496954695461	0
OTU_2339	17	987.070168798217	1542876	0.0500748744340262	0.691176470588235	2	-0.386608466812559	0.110726643598616
OTU_2340	34	956.291344192016	1084145	0.000181692152173359	0.415329768270945	0	1.06933784810062	0
OTU_2344	54	1934.59717686202	3145248	9.66314498816205e-05	0.205450733752621	0	2.4227992790299	0
OTU_2347	11	9.92730795784742	148	0.0267318329042238	0.290909090909091	2	-0.655208882251808	0
OTU_2354	22	408.246728561198	34085	0.0649946178987711	0.363636363636364	2	-0.0642879682854598	0
OTU_2355	60	747.070777733028	1129174	0.175164181182142	0.448587570621469	2	1.97707518905284	0
OTU_2357	15	6.15252390995245	159	0.0438990073863227	0.514285714285714	2	-0.440328549900409	0
OTU_2375	14	1354.79451456493	2352896	0.00252538367663224	0.56043956043956	0	-0.419469725921595	0.244897959183674
OTU_2376	7	351.174797866406	446564	9.51986856976528e-07	0.380952380952381	1	-0.261995079631371	0
OTU_2388	1	0	0	1.50894121725442e-139	0	29	0	0
OTU_2390	11	29.9665982632075	106167	1.6738875902359e-07	0.363636363636364	1	0.138142860169268	0
OTU_2392	1	0	0	0.00268128761952966	0	2	-1.19240971313031	0
OTU_2401	66	1288.90170930612	1988216	0.190966307828127	0.45967365967366	2	2.29939568757993	0
OTU_241	28	316.528940794786	816571	0.100427294904285	0.507936507936508	2	0.25803253024164	0
OTU_2416	2	0.433333333333333	2	0.00339286479124827	0	2	-1.13868963004246	0
OTU_2417	13	5.93499284542429	4584	0.0380611184692589	0.730769230769231	2	-0.547768716076109	0
OTU_2419	3	3.8534993931573	2369	4.24505619563897e-05	0.666666666666667	0	-1.02852736983977	0
OTU_2441	21	379.537351470045	625804	1.31333886314528e-07	0.2	1	1.13848770967087	0
OTU_2444	5	11	26	1.35067555483876e-95	0	6	1.36277028773849	0
OTU_2446	1	0	0	1.50894121725442e-139	0	24	0	0
OTU_2447	34	388.245028257265	972451	0.119940721917538	0.609625668449198	2	0.580353028768739	0
OTU_2448	14	62.2455909097373	113047	4.78547050850043e-07	0.703296703296703	1	0.438246315019748	0
OTU_245	6	1.20651445045196	43	0.0147479119140206	0	2	-0.923809297691058	0
OTU_2473	9	1949.59776196922	2284715	1.43248977566522e-07	0.277777777777778	1	-0.0619261097310512	0
OTU_2477	9	238.434670105094	27160	4.00636207560878e-07	0.305555555555556	1	-0.0619261097310512	0
OTU_2479	28	458.831436866483	819737	0.0988763519436931	0.497354497354497	2	0.25803253024164	0
OTU_2489	1	0	0	1.50894121725442e-139	0	45	0	0
OTU_2491	8	769.130124777184	113580	6.72210476051467e-05	0.5	0	-0.690162012107452	0
OTU_2498	2	0	0	1.26558422707948e-08	1	0	-1.09620044138624	0
OTU_2503	3	1.5	3	1.30706547357429e-105	0	13	1.22474487139159	0
OTU_2509	3	0	0	4.87777184095649e-98	1	9	0	0
OTU_2511	3	0	0	4.87777184095649e-98	1	9	0	0
OTU_2513	21	174.366347759347	412781	5.61139903387714e-05	0.238095238095238	0	0.189587917996583	0
OTU_2515	32	789.720494414692	1205493	2.25024715359199e-07	0.0362903225806452	1	2.23886704412262	0
OTU_2518	2	0.833333333333333	2	2.57862172825258e-106	0	10	-0.707106781186549	0
OTU_2521	20	34.1607005266187	103186	6.64746924174839e-05	0.278947368421053	0	0.121914846450119	0
OTU_2525	7	1523.76691357567	666418	1.81738828186265e-08	0.19047619047619	1	-0.261995079631371	0
OTU_2538	30	685.036115881322	911220	0.0979023164822069	0.482758620689655	2	0.365472696417339	0
OTU_254	17	3680.23438453452	5070027	2.13078146668064e-05	0.213235294117647	0	-0.216450511282203	0.207612456747405
OTU_2547	11	1746.24797842271	1607336	7.48682296766657e-06	0.218181818181818	1	0.138142860169268	0
OTU_255	1	0	0	4.87370317662688e-08	0	4	-0.644305169381337	0
OTU_2558	1	0	0	1.50894121725442e-139	0	22	0	0
OTU_2581	24	306.383653596094	634849	0.0869004914310818	0.543478260869565	2	0.04315219789024	0
OTU_2594	9	13.202138804426	103311	1.62324269917463e-07	0.277777777777778	1	-0.0619261097310512	0
OTU_2596	12	459.297630059173	128646	0.0128270838911598	0.575757575757576	2	-0.601488799163959	0
OTU_2604	10	390.547344636586	945271	0.00121669227518354	0.777777777777778	0	-0.622488940560988	0.18
OTU_2605	62	3519.2920362983	3934608	0.000137793923641444	0.304071919619249	0	2.96418385140162	0
OTU_2611	11	96.879498967778	56616	0.0128869663304483	0.745454545454545	2	-0.655208882251808	0
OTU_2613	15	1908.14565839813	1298626	1.14326293093831e-05	0.314285714285714	0	-0.284123582828667	0.124444444444444
OTU_2625	39	1834.65718250951	1403598	0.11665336806767	0.543859649122807	2	0.848953444207988	0
OTU_2629	8	89.5387164342136	26578	6.91458976763889e-05	0.75	0	-0.690162012107452	0
OTU_2645	8	11.3964529031908	89862	1.58909124577144e-07	0.285714285714286	1	-0.161960594681211	0
OTU_2646	7	1.68072481018622	33	7.76796700330912e-06	0.238095238095238	0	-0.757835083653917	0
OTU_2648	1	0	0	1.50894121725442e-139	0	44	0	0
OTU_2649	47	152.172614176166	180032	0.145327608578765	0.50786308973173	2	1.27871410891079	0
OTU_2662	17	180.486937313208	666818	0.0370294556900099	0.573529411764706	2	-0.332888383724709	0
OTU_2664	12	2762.92784628452	7995222	0.0107725847674407	0.439393939393939	2	-0.655208882251808	0.152777777777778
OTU_2677	10	4.09232601403457	157	0.0249068367739547	0	2	-0.708928965339658	0
OTU_2682	2	0	0	5.00382024021194e-08	1	4	-0.0859073559175115	0
OTU_2689	18	1806.74144129514	173780	3.03386723972725e-05	0.183006535947712	0	-0.081104368189274	0.104938271604938
OTU_2694	1	0	0	0.00169008983653591	0	2	-1.19240971313031	0
OTU_2703	6	385	249726	6.60891516378133e-06	0.666666666666667	1	-0.362029564581531	0
OTU_2704	7	42.5081280006053	20452	3.96509272607482e-07	0.428571428571429	1	-0.261995079631371	0
OTU_272	14	62.2455909097373	113047	4.78547050850043e-07	0.703296703296703	1	0.438246315019748	0
OTU_2726	14	62.2455909097373	113047	4.78547050850043e-07	0.703296703296703	1	0.438246315019748	0
OTU_2735	9	14.9752703981443	453	1.48738514937091e-07	0.305555555555556	1	-0.0619261097310512	0
OTU_2736	2	0.333333333333333	1	8.7137698238286e-106	0	13	-0.816496580927725	0
OTU_2737	5	3.00392969603496	17	0.000138462351419328	0.6	0	-0.893181226746845	0
OTU_2745	10	2390.35199710927	119626	1.87424585003791e-06	0.0888888888888889	4	2.70608171140161	0.42
OTU_2746	35	409.588261999501	699004	0.000349539846836839	0.463865546218487	0	1.13701091964708	0
OTU_2763	61	3301.20089606457	4306276	0.178584376783164	0.469945355191257	2	2.03079527214069	0
OTU_2769	2	0.5	1	2.33497343720909e-113	0	14	0	0
OTU_2771	3	1.36666666666667	7	7.62884556809932e-84	0	8	-0.277350098112615	0
OTU_2775	4	6	6	4.66994687441817e-113	0	12	2	0
OTU_2778	2	0	0	0.00266156068314855	1	2	-1.13868963004246	0
OTU_2781	28	517.721098529632	1036408	0.00014438546473309	0.41005291005291	0	0.663299418821833	0
OTU_2788	1	0	0	1.50894121725442e-139	0	40	0	0
OTU_2795	2	192	308406	1.48716387893758e-06	0	0	-1.09620044138624	0
OTU_2809	11	29.9665982632075	106167	1.6738875902359e-07	0.363636363636364	1	0.138142860169268	0
OTU_2811	11	1405.91090917229	1284697	8.54584678985248e-06	0.363636363636364	1	0.138142860169268	0
OTU_2814	9	2.89045801581931	269	1.51874577734387e-07	0.5	1	-0.0619261097310512	0
OTU_2817	12	2216.25863286502	2464715	1.48228300607768e-07	0.318181818181818	1	0.238177345119428	0
OTU_2826	23	117.049054521973	302755	8.4026214912084e-05	0.312252964426877	0	0.324934061089512	0
OTU_2827	27	719.045492222877	820662	0.0893613939960311	0.495726495726496	2	0.20431244715379	0
OTU_2829	1	0	0	1.48515268567349e-06	0	0	-1.1638735129327	0
OTU_283	1	0	0	1.50894121725442e-139	0	43	0	0
OTU_2832	16	256.047604664402	94731	2.89909908776305e-05	0.225	0	-0.148777439735738	0
OTU_2833	21	35.3875673508075	123339	6.07993816807065e-05	0.261904761904762	0	0.189587917996583	0
OTU_2834	27	825.53521412909	857417	0.0949828990428972	0.501424501424501	2	0.20431244715379	0
OTU_2839	38	647.100061790883	932930	5.4956186633942e-05	0.0981507823613087	0	1.34003013428648	0
OTU_284	7	62.6149541825879	26368	3.90982341901046e-07	0.380952380952381	1	-0.261995079631371	0
OTU_2845	20	13.9484060425903	790	6.53233669423472e-05	0.289473684210526	0	0.121914846450119	0
OTU_2865	2	0	0	0.00266156068314855	1	2	-1.13868963004246	0
OTU_2867	3	192	20401	3.37406485275843e-11	0.666666666666667	3	0.512989176042577	0
OTU_2888	2	385	991857	0.000280314831919597	0	2	-1.13868963004246	0
OTU_2896	1	0	0	1.50894121725442e-139	0	35	0	0
OTU_29	21	34.8364492071438	1537	0.0593859931515437	0.233333333333333	2	-0.11800805137331	0
OTU_2904	34	13660.1388416574	11717606	0.00133459521361978	0.417112299465241	0	1.00166477655415	0.0570934256055364
OTU_2906	31	341.729098978989	483197	0.000216709930432593	0.49247311827957	0	0.866318633461226	0
OTU_2910	15	2579.85574687774	2846622	0.00120684754398945	0.514285714285714	0	-0.284123582828667	0.124444444444444
OTU_2915	56	2597.07292645252	3349915	0.000260464409700223	0.292207792207792	0	2.55814542212283	0
OTU_2916	26	436.294985425222	798018	0.0880756954407517	0.492307692307692	2	0.15059236406594	0
OTU_2918	22	68.4269405499171	206043	0.000165397946160444	0.640692640692641	0	0.257260989543047	0
OTU_2924	66	4637.90073923932	2330913	0.000204950931354483	0.308158508158508	0	3.23487613758748	0
OTU_2925	7	600.416569598388	37077	3.17658357393655e-08	0.19047619047619	1	-0.261995079631371	0
OTU_2926	33	844.204019769207	1223258	2.69509246536767e-07	0.153409090909091	1	2.33890152907278	0
OTU_294	2	2	8	5.03108900374831e-96	0	6	-0.209656967344384	0
OTU_2947	2	0	0	4.70546408744038e-08	1	1	-0.76216750438217	0
OTU_2951	28	171.247044954289	52901	0.0939248276740761	0.46031746031746	2	0.25803253024164	0
OTU_2958	32	1422.19341410441	451983	0.103112426653733	0.429435483870968	2	0.472912862593039	0
OTU_296	2	0.333333333333333	1	8.7137698238286e-106	0	13	-0.816496580927725	0
OTU_2964	17	62.3494631252911	67885	3.10036960863513e-05	0.205882352941176	0	-0.081104368189274	0
OTU_2974	11	2756.59267640313	7222860	0.00047963252206874	0.418181818181818	1	-0.0619261097310512	0.297520661157025
OTU_2977	34	6643.33307071341	1563689	9.89935977818843e-06	0.158645276292335	1	2.43893601402294	0
OTU_2978	56	231.988660975435	269159	0.170696936812878	0.486363636363636	2	1.76219485670144	0
OTU_299	19	155.444120680528	337722	0.0686888730730686	0.584795321637427	2	-0.225448217549009	0
OTU_2991	27	703.951352560242	1168383	0.000136091205771871	0.387464387464387	0	0.595626347275369	0
OTU_2995	46	153.164223064282	6202	9.05611457779387e-05	0.222222222222222	0	1.88141470665819	0
OTU_2998	4	6	15	1.749917021311e-84	0.5	5	0.179605302026775	0
OTU_3001	2	1	1	2.65455746240273e-126	0	17	0	0
OTU_3007	17	45.6073041851807	98966	3.8110609440834e-05	0.213235294117647	0	-0.081104368189274	0
OTU_3016	2	0	0	2.52058074645595e-09	1	3	-0.307793505625546	0
OTU_3026	24	149.18628621527	135113	2.88505916289816e-05	0	0	0.392607132635976	0
OTU_3028	32	222.912685756349	309794	4.99526023768149e-05	0.0645161290322581	0	0.93399170500769	0
OTU_303	19	18.9327956255255	56501	5.59314901013474e-05	0.274853801169591	0	0.0542417749036546	0
OTU_3037	4	0.333333333333333	1	1.38058702694895e-05	0.833333333333333	1	-0.56209853448185	0
OTU_3041	14	1212.35924393261	2350067	1.1278591723448e-06	0	1	0.438246315019748	0
OTU_3044	1	0	0	1.32727873120137e-126	0	20	0	0
OTU_3050	16	4677.27210588918	5540306	1.82045518271599e-05	0.116666666666667	0	-0.351796654375131	0.3046875
OTU_3051	62	628.158668849771	952462	0.186635390420597	0.490216816499207	2	2.08451535522854	0
OTU_3055	3	2.83333333333333	14	8.23163177472657e-84	0	8	-0.277350098112615	0
OTU_3073	5	12.3860721215765	21831	1.94385321967159e-08	0.1	1	-0.46206404953169	0
OTU_3076	3	1149	81600	1.26204542293547e-09	0.333333333333333	3	0.512989176042577	0
OTU_3083	2	2	8	5.03108900374831e-96	0	6	-0.209656967344384	0
OTU_3092	3	3.33333333333333	7	3.64672182032475e-106	0	10	1.4142135623731	0
OTU_3095	14	1572.0218902152	1185780	9.31184817468094e-06	0.351648351648352	1	0.438246315019748	0
OTU_3107	16	14196.6471916256	9377103	0.000219046628893862	0.416666666666667	1	0.438246315019748	0.21875
OTU_3128	14	1880.68745641332	3238617	0.00126705794053157	0.681318681318681	0	-0.351796654375131	0.13265306122449
OTU_3136	2	0.333333333333333	1	8.7137698238286e-106	0	13	-0.816496580927725	0
OTU_3137	9	13045.4704528931	15151182	1.881507370305e-06	0.194444444444444	4	1.58928608447396	0.493827160493827
OTU_3147	24	354.702471585954	528656	2.07911104987379e-07	0.0615942028985507	1	1.43859116452135	0
OTU_315	2	0.833333333333333	2	2.57862172825258e-106	0	10	-0.707106781186549	0
OTU_3157	17	260.004791760024	94980	3.02899353655062e-05	0.205882352941176	0	-0.081104368189274	0
OTU_3161	1	0	0	1.50894121725442e-139	0	44	0	0
OTU_3163	21	36.5438018993716	123349	5.97944087037736e-05	0.242857142857143	0	0.189587917996583	0
OTU_3164	27	215.18095033322	66912	0.098287931073911	0.538461538461538	2	0.20431244715379	0
OTU_3167	3	0.315779311128148	5	2.24281031555696e-06	0.666666666666667	0	-1.02852736983977	0
OTU_3169	2	0.5	1	7.33562264664124e-111	0	11	0	0
OTU_3176	34	388.245028257265	972451	0.119940721917538	0.609625668449198	2	0.580353028768739	0
OTU_318	1	0	0	1.32727873120137e-126	0	18	0	0
OTU_3181	39	1393.35803351473	2407743	0.00035760774246544	0.42914979757085	0	1.40770320583294	0
OTU_3183	2	1	2	6.53155186771231e-111	0	11	0	0
OTU_319	16	15.6090566353242	44880	4.62817179897535e-05	0.316666666666667	0	-0.148777439735738	0
OTU_3190	9	227.620612403581	214956	4.02553213311299e-07	0.25	1	-0.0619261097310512	0
OTU_3192	14	62.2455909097373	113047	4.78547050850043e-07	0.703296703296703	1	0.438246315019748	0
OTU_3198	1	0	0	2.82522218154644e-96	0	6	-0.733799385705343	0
OTU_3211	19	214.613529390699	338490	5.16359920176344e-05	0.239766081871345	0	0.0542417749036546	0
OTU_3215	3	1.5	3	1.30706547357429e-105	0	13	1.22474487139159	0
OTU_3236	2	3	3	2.20004916097913e-116	0	7	0.5	0
OTU_3238	4	22.2156449592581	52659	3.52263699064829e-06	0.333333333333333	0	-0.960854298293309	0
OTU_3266	2	2	8	5.03108900374831e-96	0	6	-0.209656967344384	0
OTU_327	19	18.5105755451741	45374	5.17891274697623e-05	0.257309941520468	0	0.0542417749036546	0
OTU_3270	3	385	16789	9.77289722841268e-08	0.333333333333333	4	0.472490457546314	0
OTU_3282	40	934.389085204843	2400960	0.0865062414475815	0.353846153846154	2	0.902673527295838	0
OTU_3287	49	102.802241348672	4406	0.154176412310355	0.522959183673469	2	1.38615427508649	0
OTU_3290	27	446.303069821217	48005	0.0755024531759297	0.333333333333333	2	0.20431244715379	0
OTU_3291	8	12297.7576510179	14212756	2.48446119272184e-08	0.107142857142857	1	-0.261995079631371	0.21875
OTU_3292	23	209.304929734518	278058	0.0719808485035179	0.478260869565217	2	-0.0105678851976099	0
OTU_3295	2	55.3241320083425	5747	6.12769223508861e-08	0	4	-0.0859073559175115	0
OTU_3297	17	926.358426215684	1144577	0.029990149783492	0.580882352941177	2	-0.332888383724709	0
OTU_330	7	24	45	1.72991338334468e-95	0	6	2.41105512446041	0
OTU_3301	57	2926.98215244712	3951103	0.167500920042009	0.467418546365915	2	1.81591493978929	0
OTU_3302	1	0	0	1.32727873120137e-126	0	15	0	0
OTU_3305	1	0	0	1.13265173504369e-08	0	1	-0.862201989332329	0
OTU_3307	9	505.708097995819	624036	1.18492059722887e-06	0.166666666666667	1	-0.0619261097310512	0
OTU_3313	2	1	1	2.65455746240273e-126	0	19	0	0
OTU_3345	12	1672.77599480999	981924	4.35576057201074e-07	0.136363636363636	1	0.238177345119428	0
OTU_3347	1	0	0	1.16748671860454e-113	0	12	-0.5	0
OTU_3349	24	83.3226254469071	51681	0.0922753418522652	0.673913043478261	2	0.04315219789024	0
OTU_3350	27	206.73814377681	49741	0.0983898644947001	0.552706552706553	2	0.20431244715379	0
OTU_3351	55	480.365743900922	552539	0.164115543652688	0.468686868686869	2	1.70847477361359	0
OTU_3358	10	49.692349768215	46436	1.52367237398407e-07	0.4	1	0.0381083752191085	0
OTU_3367	28	592.875631377332	828951	0.0894246294857006	0.470899470899471	2	0.25803253024164	0
OTU_3374	27	543.784021499141	806752	0.086971713842154	0.447293447293447	2	0.20431244715379	0
OTU_3381	10	1829.77715138354	2412651	1.44130170681855e-07	0.266666666666667	1	0.0381083752191085	0
OTU_3391	10	1346.44141448502	1258648	7.99818270388779e-06	0.355555555555556	1	0.0381083752191085	0
OTU_3418	54	2619.65016405103	3503850	0.157903338215303	0.464011180992313	2	1.65475469052574	0
OTU_342	3	0	0	4.87777184095649e-98	1	9	0	0
OTU_3441	18	645.004791760024	110290	3.0310430798805e-05	0.183006535947712	0	-0.0134312966428097	0
OTU_3478	27	714.246041847064	1039813	0.000134839067903111	0.327635327635328	0	0.595626347275369	0
OTU_353	1	0	0	1.50894121725442e-139	0	25	0	0
OTU_371	20	69.0064525211857	157961	4.9961930065693e-05	0.221052631578947	0	0.121914846450119	0
OTU_39	14	62.2455909097373	113047	4.78547050850043e-07	0.703296703296703	1	0.438246315019748	0
OTU_396	32	49.554488845456	2162	0.0989568922238086	0.457661290322581	2	0.472912862593039	0
OTU_398	17	40.0981217614287	51341	0.000174933929668316	0.727941176470588	0	-0.081104368189274	0
OTU_410	9	27.6646221005784	791	1.67972880554616e-07	0.361111111111111	1	-0.0619261097310512	0
OTU_411	30	617.528775530629	1129887	0.000334961449358908	0.462068965517241	0	0.798645561914762	0
OTU_419	2	0	0	1.40414063140734e-06	1	0	-1.09620044138624	0
OTU_428	43	116.606194554729	14962	0.000124226294887273	0.290143964562569	0	1.6783954920188	0
OTU_430	47	3204.1852948568	3446873	1.23012949426615e-06	0.150786308973173	1	3.73938431837502	0
OTU_443	33	48.7929413563177	13282	0.000105801994722993	0.308712121212121	0	1.00166477655415	0
OTU_445	49	117.479965885214	33416	0.150950477970227	0.48469387755102	2	1.38615427508649	0
OTU_450	3	0.53030303030303	2	5.69638885078545e-08	0.666666666666667	1	-0.66213301943201	0
OTU_457	2	0.569931986172395	6	2.93050517091024e-06	0	0	-1.09620044138624	0
OTU_463	4	2.86233770279957	40	8.16219927060139e-06	0.166666666666667	0	-0.960854298293309	0
OTU_464	22	36.8467777844722	1606	0.057843785618607	0.0432900432900433	2	-0.0642879682854598	0
OTU_495	33	2403.27247059914	1195112	0.0961041443276835	0.399621212121212	2	0.526632945680889	0
OTU_505	2	0.5	1	2.33497343720909e-113	0	14	0	0
OTU_508	26	26.5512709088507	17968	0.0924901014701076	0.538461538461538	2	0.15059236406594	0
OTU_522	19	88.6499411943461	41282	0.0732632946554869	0.64327485380117	2	-0.225448217549009	0
OTU_527	3	3.33333333333333	7	3.64672182032475e-106	0	10	1.4142135623731	0
OTU_53	1	0	0	1.80905911350165e-06	0	3	-1.12857618729367	0
OTU_545	12	1184.17772633689	174644	4.97116160522255e-06	0.136363636363636	0	-0.419469725921595	0
OTU_546	1	0	0	1.29267811706486e-07	0	0	-1.1638735129327	0
OTU_562	9	13.202138804426	103311	1.62324269917463e-07	0.277777777777778	1	-0.0619261097310512	0
OTU_564	3	73.6575229018287	11660	0.000475883331400378	0.666666666666667	2	-1.13868963004246	0.444444444444444
OTU_580	1	0	0	1.50894121725442e-139	0	23	0	0
OTU_581	37	742.826392457723	1140403	5.3045734517567e-05	0.003003003003003	0	1.27235706274001	0
OTU_590	5	2.25	9	2.37336607969079e-84	0.7	5	0.898026510133875	0
OTU_600	3	2.83333333333333	14	8.23163177472657e-84	0	8	-0.277350098112615	0
OTU_630	1	0	0	0.00261732959917256	0	2	-1.19240971313031	0
OTU_632	4	957	61199	4.84661052613294e-08	0.333333333333333	3	1.3337718577107	0
OTU_633	1	0	0	1.50894121725442e-139	0	34	0	0
OTU_634	10	1883.19452124168	2444929	1.49270328279286e-07	0.222222222222222	1	0.0381083752191085	0
OTU_640	41	426.989109810781	569563	7.29419147341688e-05	0.228048780487805	0	1.54304934892587	0
OTU_645	28	1032.93576878326	1578421	0.00013012903517487	0.26984126984127	0	0.663299418821833	0
OTU_651	1	0	0	1.48515268567349e-06	0	0	-1.1638735129327	0
OTU_654	1	0	0	4.87370317662688e-08	0	4	-0.644305169381337	0
OTU_655	1	0	0	1.50894121725442e-139	0	23	0	0
OTU_657	16	369.099104767325	1178126	0.0467219230443604	0.583333333333333	2	-0.386608466812559	0
OTU_66	5	1.08166470970995	40	0.0106067179625835	0	2	-0.977529380778908	0
OTU_660	31	130.599901291891	52774	0.101774037673294	0.447311827956989	2	0.419192779505189	0
OTU_665	1	0	0	1.50894121725442e-139	0	24	0	0
OTU_67	1	0	0	1.32727873120137e-126	0	20	0	0
OTU_672	14	415.689739286309	236739	1.15867995891175e-05	0.252747252747253	0	-0.284123582828667	0
OTU_7	7	21.95	70	1.36442906561146e-83	0	8	1.66410058867569	0
OTU_709	28	675.701001019126	1185239	0.000140770317178562	0.362433862433862	0	0.663299418821833	0
OTU_76	5	9.41666666666667	43	1.1673999652836e-83	0	8	0.693375245281536	0
OTU_785	24	237.695802140218	929210	8.73855768501178e-05	0.304347826086957	0	0.392607132635976	0
OTU_789	5	2.25	9	2.37336607969079e-84	0.7	5	0.898026510133875	0
OTU_80	2	0.666666666666667	4	6.51044783567185e-84	0	8	-0.76271276980969	0
OTU_807	5	440.744551490609	395860	4.46009979407888e-07	0	1	-0.46206404953169	0
OTU_814	9	70.8234783975358	10858	2.06652421147377e-05	0.694444444444444	1	-0.0619261097310512	0
OTU_818	1	0	0	2.93283257267796e-08	0	1	-0.862201989332329	0
OTU_825	9	23.9996538054598	149	0.000215474033688467	0.555555555555556	0	-0.622488940560988	0
OTU_840	1	0	0	3.27941722804707e-11	0	3	-1.12857618729367	0
OTU_848	31	1124.59101857096	966248	0.100652837225525	0.421505376344086	2	0.419192779505189	0
OTU_854	7	347.359759540176	459845	4.05468634120371e-07	0.19047619047619	1	-0.261995079631371	0
OTU_861	8	219.622985758994	487269	1.87420669585638e-07	0.214285714285714	1	-0.161960594681211	0
OTU_881	3	192	20401	3.37406485275843e-11	0.666666666666667	3	0.512989176042577	0
OTU_90	24	1575.34072318567	530926	0.0563945179030522	0.391304347826087	2	0.04315219789024	0
OTU_921	1	0	0	1.50894121725442e-139	0	22	0	0
OTU_923	27	44.2862868436147	37429	0.0972981117100171	0.547008547008547	2	0.20431244715379	0
OTU_926	1	0	0	1.50894121725442e-139	0	25	0	0
OTU_934	54	242.502359277554	188104	0.16095998956919	0.445842068483578	2	1.65475469052574	0
OTU_941	63	4022.77828496144	4884970	0.182871688084572	0.456733230926779	2	2.13823543831639	0
OTU_947	11	106.445348049466	98553	7.44801415634609e-06	0.363636363636364	1	0.138142860169268	0
OTU_961	11	2.94293738066938	154	5.10906437453238e-05	0.490909090909091	0	-0.48714279746806	0
OTU_968	3	5	5	3.75571884165125e-116	0	7	1.75	0
OTU_985	1	0	0	1.13265173504369e-08	0	1	-0.862201989332329	0
OTU_986	1	0	0	1.16748671860454e-113	0	12	-0.5	0
OTU_988	34	388.245028257265	972451	0.119940721917538	0.609625668449198	2	0.580353028768739	0
OTU_997	1	0	0	1.55566968067212e-116	0	7	-0.75	0
