id	node.degree	node.betw	node.stress	node.evcent	Clustering.Coefficient	No..module	Zi	Pi
OTU_1029	3	4	6	1.39173709106801e-76	0.333333333333333	5	0.707106781186548	0
OTU_1037	1	0	0	0.0176166661721382	0	4	-1.02105494048526	0
OTU_1039	3	2	4	1.6284527631949e-76	0.666666666666667	5	0.707106781186548	0
OTU_1051	3	2	4	1.6284527631949e-76	0.666666666666667	5	0.707106781186548	0
OTU_1053	1	0	0	2.52157947708515e-194	0	14	0	0
OTU_1054	5	166.039963691279	389	0.06014005183833	0	2	1.15864824404332	0.32
OTU_1064	1	0	0	5.13693481255172e-77	0	5	-1.4142135623731	0
OTU_1095	3	85.3599789099789	178	0.0885065945594434	0	2	-0.413802944301184	0.444444444444444
OTU_1096	1	0	0	5.13693481255172e-77	0	5	-1.4142135623731	0
OTU_1101	2	11.7138888888889	30	0.0336362730757763	0	2	-0.413802944301184	0
OTU_1122	6	234.644943944944	655	0.111116184756412	0	2	1.94487383821556	0.277777777777778
OTU_1126	3	49.5249195249195	216	0.0881630621136083	0	3	0.31429363309631	0
OTU_1143	2	6.67857142857143	17	0.0670758633988886	0	3	-0.873037869711973	0.5
OTU_1158	4	91.7991924741925	280	0.0832576747738724	0	2	1.15864824404332	0
OTU_1200	1	0	0	0.0400319836638327	0	0	-0.726252277807689	0
OTU_1201	1	0	0	0.00623178463649371	0	4	-1.02105494048526	0
OTU_1234	3	39.5955421771211	256	0.141856078629846	0	1	-0.982272588312941	0.444444444444444
OTU_1238	5	124.246276822593	383	0.102474710922902	0	1	0.221803487683567	0.56
OTU_128	3	96.85	305	0.0318548556785272	0	4	-0.145864991497894	0.444444444444444
OTU_132	1	0	0	2.52157947708515e-194	0	15	0	0
OTU_1372	3	331.450715950716	838	0.117663192353173	0	0	0.351412392487591	0
OTU_1373	3	53.5611277611278	215	0.0872758526959412	0	2	-0.413802944301184	0.444444444444444
OTU_142	1	0	0	0.0117652346271477	0	2	-1.20002853847343	0
OTU_146	2	0	0	1.91351328492506e-112	1	7	0	0
OTU_1484	5	311.311851744746	1113	0.202949474699356	0	2	-0.413802944301184	0.72
OTU_1488	2	11.2259462759463	60	0.0632230914877987	0	4	-0.145864991497894	0
OTU_157	1	0	0	2.52157947708515e-194	0	11	0	0
OTU_164	2	0	0	1.91351328492506e-112	1	7	0	0
OTU_1759	2	19.7035582838214	134	0.101432832534721	0	0	-0.187419942660049	0
OTU_181	11	520.050502129449	1600	0.264154341244822	0.0181818181818182	3	2.68895663871288	0.545454545454546
OTU_1814	8	407.15667840931	1336	0.216711160586577	0	0	0.890244727635231	0.65625
OTU_1846	1	0	0	0.00962929623678735	0	0	-0.726252277807689	0
OTU_1849	2	91.7944444444444	190	0.04966127990062	0	0	-0.187419942660049	0
OTU_191	4	64.3972638472638	194	0.0460674742714941	0	4	0.729324957489473	0.375
OTU_2020	2	1	1	2.196605524075e-153	0	9	0	0
OTU_2033	2	19.7035582838214	134	0.101432832534721	0	0	-0.187419942660049	0
OTU_2099	3	41.0612554112554	113	0.100539336076784	0	3	-0.279372118307831	0.444444444444444
OTU_2103	1	0	0	2.196605524075e-153	0	9	0	0
OTU_214	9	429.20740458372	1448	0.183202568964821	0	1	2.62995563967658	0.37037037037037
OTU_2163	5	115.786083361083	303	0.0834310905517344	0	2	1.15864824404332	0.32
OTU_2206	2	88	197	0.0100124874789268	0	0	-0.187419942660049	0
OTU_2226	3	53.4699550449551	199	0.041159418709748	0	4	0.729324957489473	0
OTU_2275	4	79.8209679209679	382	0.111267787549756	0	3	0.31429363309631	0.375
OTU_2314	1	0	0	0.00962929623678735	0	0	-0.726252277807689	0
OTU_2326	2	88	197	0.0100124874789268	0	0	-0.187419942660049	0
OTU_2357	1	0	0	2.52157947708515e-194	0	12	0	0
OTU_2368	7	454.623271173271	1421	0.171990027799918	0	2	1.94487383821556	0.448979591836735
OTU_2407	3	49.5249195249195	216	0.0881630621136083	0	3	0.31429363309631	0
OTU_2416	4	93.5761488511488	310	0.147295325488046	0	3	-0.279372118307831	0.625
OTU_2480	5	176.442016317016	440	0.0735219223697949	0	2	0.372422649871066	0.56
OTU_2594	1	0	0	0.0423953351030266	0	0	-0.726252277807689	0
OTU_2598	1	0	0	0.0118754854918163	0	1	-0.982272588312941	0
OTU_2601	1	0	0	2.52157947708515e-194	0	12	0	0
OTU_2631	1	0	0	2.196605524075e-153	0	8	0	0
OTU_2642	4	178.507870784187	564	0.115440455582004	0	2	-1.20002853847343	0.75
OTU_2651	5	198.131290931291	607	0.15913743035162	0	0	0.351412392487591	0.56
OTU_2681	4	40.3284271284272	105	0.126158831353785	0.166666666666667	3	0.907959384500452	0
OTU_270	1	0	0	2.52157947708515e-194	0	14	0	0
OTU_275	4	68.5284770784771	366	0.108447357722816	0	1	0.823841525681821	0
OTU_2763	1	0	0	0.0656385610133594	0	0	-0.726252277807689	0
OTU_2896	3	256.844660894661	701	0.0449979403040632	0	2	-0.413802944301184	0.444444444444444
OTU_2960	1	0	0	1.95057791639963e-129	0	6	-0.577350269189626	0
OTU_2974	8	502.642121621069	1728	0.233301176777715	0	3	0.907959384500452	0.625
OTU_3010	2	12.4	18	0.0280869092104962	0	2	-0.413802944301184	0
OTU_3117	4	107.821318447634	269	0.0915676025700325	0	2	-0.413802944301184	0.625
OTU_3121	2	9.93333333333334	34	0.0307499340522989	0	4	-1.02105494048526	0.5
OTU_3308	5	211.34088966589	645	0.141697397031291	0	4	-0.145864991497894	0.64
OTU_3310	1	0	0	1.95057791639963e-129	0	6	-0.577350269189626	0
OTU_3320	1	0	0	0.0516766731588517	0	3	-0.873037869711973	0
OTU_3335	1	0	0	1.95057791639963e-129	0	6	-0.577350269189626	0
OTU_3374	1	0	0	0.0147190045407983	0	3	-0.873037869711973	0
OTU_3450	2	63.4553418803419	183	0.05055903363929	0	1	-0.982272588312941	0.5
OTU_3462	1	0	0	0.00195874896637671	0	0	-0.726252277807689	0
OTU_3464	3	3	3	1.95057791639963e-129	0	6	1.73205080756888	0
OTU_376	7	289.354592629593	965	0.132471228122255	0	4	2.47970485546421	0.448979591836735
OTU_385	1	0	0	0.0656385610133594	0	0	-0.726252277807689	0
OTU_388	1	0	0	0.0036951550578678	0	2	-1.20002853847343	0
OTU_396	7	408.213826670406	983	0.204630476939531	0	0	1.42907706278287	0.408163265306122
OTU_402	1	0	0	2.52157947708515e-194	0	15	0	0
OTU_403	1	0	0	0.0259154262862521	0	4	-1.02105494048526	0
OTU_411	1	0	0	2.196605524075e-153	0	8	0	0
OTU_425	3	48.0350427350427	123	0.0153359449703906	0	1	-0.380234550314687	0.444444444444444
OTU_429	1	0	0	0.0358400290984917	0	1	-0.982272588312941	0
OTU_435	1	0	0	2.52157947708515e-194	0	13	0	0
OTU_440	2	88	195	0.0188884305161585	0	2	-0.413802944301184	0
OTU_453	1	0	0	0.0202318657333315	0	1	-0.982272588312941	0
OTU_468	5	175.059271284271	474	0.166357372612941	0.1	3	-0.279372118307831	0.64
OTU_5	2	0	0	1.91351328492506e-112	1	7	0	0
OTU_518	1	0	0	0.00880297421054411	0	2	-1.20002853847343	0
OTU_519	7	251.010311910312	861	0.18296867108145	0	0	0.890244727635231	0.571428571428571
OTU_528	3	27.1655178155178	193	0.088400168198339	0	1	0.221803487683567	0
OTU_53	1	0	0	2.196605524075e-153	0	9	0	0
OTU_531	1	0	0	0.0456408499708972	0	3	-0.873037869711973	0
OTU_535	2	9.625	27	0.014875665659209	0	1	-0.380234550314687	0
OTU_537	5	250.107067786015	849	0.149845629286444	0	1	0.823841525681821	0.32
OTU_538	5	159.768417693418	562	0.11882470247349	0	1	0.221803487683567	0.56
OTU_539	1	0	0	0.0656385610133594	0	0	-0.726252277807689	0
OTU_554	2	9.625	27	0.014875665659209	0	1	-0.380234550314687	0
OTU_558	1	0	0	0.0358400290984917	0	1	-0.982272588312941	0
OTU_563	7	295.491692518008	1025	0.190704647223249	0	4	-0.145864991497894	0.73469387755102
OTU_603	1	0	0	0.00195874896637671	0	0	-0.726252277807689	0
OTU_608	1	0	0	2.52157947708515e-194	0	11	0	0
OTU_733	2	1	1	2.196605524075e-153	0	8	0	0
OTU_741	4	147.092601842602	489	0.0900506662646688	0	4	0.729324957489473	0.375
OTU_743	7	543.738095238095	1257	0.0492218296683858	0	0	1.96790939793051	0.244897959183674
OTU_745	2	112.285042735043	256	0.0486410301382899	0	3	-0.873037869711973	0.5
OTU_747	6	187.016317016317	830	0.172887993648256	0	1	1.42587956368008	0.277777777777778
OTU_750	1	0	0	2.52157947708515e-194	0	13	0	0
OTU_756	2	84.7006077256077	154	0.054750988204631	0	3	-0.873037869711973	0.5
OTU_757	14	851.495323536113	2542	0.335522969725737	0	0	3.04557406822579	0.602040816326531
OTU_768	7	266.816855366855	675	0.0752387626906568	0	3	1.50162513590459	0.448979591836735
OTU_785	4	209.870335220335	538	0.0928563567761566	0	2	0.372422649871066	0.375
OTU_793	3	99.3942222981697	317	0.103418715627699	0	1	-0.380234550314687	0.444444444444444
OTU_824	2	6.34548872180451	30	0.0874709446802136	0	0	-0.726252277807689	0.5
OTU_854	1	0	0	0.0147190045407983	0	3	-0.873037869711973	0
OTU_856	3	73.2919552669553	165	0.0818026449092212	0	1	-0.380234550314687	0.444444444444444
OTU_9	5	230.242735042735	744	0.0607036183873147	0	1	1.42587956368008	0
OTU_908	1	0	0	0.0311321515123184	0	0	-0.726252277807689	0
OTU_944	3	4	6	1.39173709106801e-76	0.333333333333333	5	0.707106781186548	0
OTU_947	1	0	0	2.52157947708515e-194	0	10	0	0
OTU_948	1	0	0	2.52157947708515e-194	0	10	0	0
