OTU_1002	64	67	36	68	63	65	69	59	54	60	70	43	38	40
OTU_1003	7	6	11	7	5	7	7	8	9	6	6	7	9	10
OTU_1004	2	3	3	1	1	1	2	3	1	3	4	3	3	3
OTU_1008	10	7	3	8	8	11	5	9	11	11	9	3	3	5
OTU_1009	8	11	8	7	7	8	7	8	7	10	10	7	8	4
OTU_1010	425	524	495	401	414	404	411	539	511	530	558	472	506	513
OTU_1011	47	45	41	47	40	48	46	42	42	42	34	36	38	38
OTU_1012	366	462	415	363	391	374	388	448	465	459	467	407	412	430
OTU_1013	1	6	1	1	2	1	1	4	4	3	3	1	1	1
OTU_1014	35	44	24	24	31	28	31	40	41	46	45	30	28	29
OTU_1015	131	96	77	127	139	136	127	97	88	104	90	85	82	79
OTU_1016	6	4	1	5	3	6	5	4	3	3	3	NA	1	NA
OTU_1017	221	249	179	228	215	216	205	255	265	249	243	171	183	183
OTU_1018	100	136	98	102	103	108	103	133	126	135	132	95	94	96
OTU_1019	5	7	2	5	5	4	4	7	7	7	9	2	2	1
OTU_1020	11	16	13	12	14	15	14	21	14	18	19	13	11	8
OTU_1021	20	28	21	18	15	16	16	30	26	25	25	22	22	21
OTU_1022	6	15	16	5	9	7	7	13	11	14	12	13	15	15
OTU_1023	16	16	13	17	20	16	17	18	14	15	19	8	8	13
OTU_1024	30	40	25	26	28	31	28	35	41	34	36	28	26	19
OTU_1025	56	73	62	53	50	50	53	59	68	79	65	66	61	69
OTU_1026	1	4	1	1	1	1	NA	5	4	2	3	1	1	2
OTU_1027	3	10	9	3	3	4	2	7	7	6	9	13	11	8
OTU_1028	9	13	13	8	10	8	8	11	15	14	14	13	12	14
OTU_1030	8	1	NA	8	4	9	9	4	3	3	3	NA	NA	1
OTU_1031	5	5	8	4	5	4	5	4	6	6	5	10	9	9
OTU_1032	29	27	45	29	32	32	31	31	34	30	34	47	45	52
OTU_1035	58	108	77	65	63	62	69	95	103	113	106	86	89	92
OTU_1036	58	71	76	63	62	66	64	69	71	64	61	83	84	85
OTU_1038	29	39	28	37	33	35	34	42	42	39	41	31	31	31
OTU_1040	20	23	29	28	28	28	26	24	20	26	23	35	29	33
OTU_1042	2	NA	2	1	2	1	2	NA	NA	NA	NA	4	2	4
OTU_1043	32	30	31	28	21	26	26	30	28	33	32	34	28	32
OTU_1045	7	2	7	8	7	6	7	2	4	4	4	10	8	8
OTU_1046	2	2	NA	1	2	2	2	1	1	1	2	NA	1	NA
OTU_1048	8	4	1	5	7	6	7	5	2	3	3	4	3	5
OTU_1049	2	NA	1	2	2	2	NA	NA	NA	NA	NA	2	1	1
OTU_105	3	5	6	2	3	4	4	3	4	3	4	7	6	6
OTU_1050	7	8	12	7	7	8	9	6	9	8	12	9	8	12
OTU_1052	NA	2	2	NA	NA	NA	NA	2	1	3	2	1	2	2
OTU_1056	23	34	28	19	19	23	24	40	46	31	36	21	30	34
OTU_1058	57	44	59	51	52	57	54	47	50	45	47	57	61	56
OTU_106	NA	1	1	NA	NA	NA	NA	3	3	1	1	1	1	1
OTU_1060	14	18	33	16	16	18	14	25	21	18	23	24	28	32
OTU_1061	12	17	26	13	15	14	13	23	17	19	21	18	22	23
OTU_1065	6	12	5	10	8	5	12	14	12	11	11	4	6	5
OTU_1068	NA	4	1	NA	NA	NA	NA	3	2	NA	1	1	1	1
OTU_1069	7	3	5	4	6	7	6	6	2	7	4	5	5	6
OTU_1072	1	5	3	2	2	1	1	6	6	3	4	2	3	1
OTU_1074	14	30	23	20	20	17	13	22	25	23	27	24	27	23
OTU_1078	32	45	29	27	35	35	26	41	48	41	47	32	31	31
OTU_1080	3	1	NA	NA	3	3	1	3	2	1	3	NA	NA	NA
OTU_1081	5	20	22	5	4	1	5	18	16	21	16	22	21	21
OTU_1085	13	16	12	13	10	15	10	15	14	14	10	13	9	12
OTU_1086	2	NA	3	1	2	2	2	NA	NA	NA	NA	4	3	1
OTU_1088	23	34	13	19	19	24	27	26	25	25	26	19	21	18
OTU_1089	14	14	26	13	17	13	15	19	16	16	14	22	18	27
OTU_1091	5	1	2	3	5	4	4	2	2	1	1	1	3	3
OTU_1092	1	1	NA	1	2	NA	1	1	1	1	1	NA	NA	NA
OTU_1094	9	16	16	10	13	14	15	12	14	8	14	13	11	14
OTU_1099	3	10	3	9	7	9	9	8	9	6	8	3	3	4
OTU_11	19	16	5	19	16	16	16	24	20	21	26	3	6	7
OTU_1102	12	21	16	12	10	10	12	23	29	24	21	17	12	14
OTU_1104	5	12	4	5	4	4	4	9	10	9	9	5	2	5
OTU_1105	22	25	20	23	23	21	14	28	25	26	22	18	18	20
OTU_1109	1	NA	1	1	1	1	NA	1	NA	NA	1	1	NA	1
OTU_1113	4	6	7	5	5	4	4	4	4	3	4	10	11	10
OTU_1114	2	4	4	4	2	3	1	4	1	4	3	4	3	2
OTU_1116	12	12	6	11	6	10	12	9	13	12	10	6	4	9
OTU_112	4	1	6	3	4	3	3	1	2	2	3	7	5	8
OTU_1120	8	12	19	8	10	9	7	15	14	13	7	15	20	13
OTU_1127	9	17	7	6	9	9	9	14	16	22	15	7	12	6
OTU_1128	10	6	17	14	12	14	11	5	6	6	6	20	23	21
OTU_1129	6	4	6	4	6	5	5	3	2	2	2	4	4	7
OTU_1130	4	18	11	6	7	6	4	11	14	12	11	6	11	7
OTU_1133	4	6	6	4	3	5	4	2	5	9	7	5	5	7
OTU_1134	3	4	1	3	2	2	3	5	3	2	7	3	3	3
OTU_1136	6	3	4	7	7	8	7	1	3	3	3	4	4	4
OTU_1138	7	5	13	12	10	9	10	9	8	7	7	13	15	13
OTU_1139	7	18	17	9	9	6	6	14	11	17	16	19	20	16
OTU_1145	8	12	4	8	8	9	8	12	11	8	6	4	4	5
OTU_1147	1	5	2	2	4	4	3	5	7	6	6	2	1	2
OTU_1149	NA	2	1	NA	1	1	1	2	3	1	2	NA	1	1
OTU_1152	1	NA	2	1	1	1	1	NA	NA	NA	NA	2	2	NA
OTU_1153	9	10	9	12	11	11	11	5	5	9	9	14	9	9
OTU_1154	6	5	5	4	5	4	6	2	2	3	6	8	7	4
OTU_1155	6	8	6	6	7	8	5	7	9	10	10	6	5	5
OTU_1156	6	3	1	5	6	3	4	3	2	2	4	1	1	1
OTU_1161	7	14	3	10	7	8	7	10	10	13	8	5	4	5
OTU_1162	4	2	2	5	6	2	5	1	1	2	2	3	2	3
OTU_1163	3	2	1	3	1	3	3	NA	3	2	3	1	1	NA
OTU_1164	8	6	4	8	7	7	6	6	6	7	6	1	5	4
OTU_1165	NA	1	2	2	2	1	2	NA	1	1	1	2	2	1
OTU_1168	3	1	NA	3	2	2	2	NA	1	1	1	NA	NA	NA
OTU_1169	2	6	7	2	1	1	3	8	8	5	6	8	6	6
OTU_1170	4	7	6	5	6	6	3	7	6	8	5	9	8	10
OTU_1171	1	3	6	2	2	2	2	5	8	8	5	4	5	4
OTU_1172	3	3	8	4	3	3	3	5	5	4	4	4	6	7
OTU_1173	NA	1	2	NA	NA	NA	NA	1	1	1	1	3	2	2
OTU_1174	NA	NA	5	1	NA	1	1	1	1	NA	1	3	4	4
OTU_1178	5	5	10	8	6	5	7	2	5	5	6	12	9	9
OTU_1179	2	7	3	1	NA	2	NA	6	5	7	4	4	3	2
OTU_1180	NA	2	1	NA	NA	NA	NA	1	1	1	1	1	1	NA
OTU_1183	3	NA	2	4	4	1	4	NA	NA	NA	NA	3	3	3
OTU_1186	10	6	7	11	9	10	10	6	7	7	5	7	8	7
OTU_1187	1	1	1	1	1	1	1	1	1	NA	1	1	1	1
OTU_1188	3	8	3	3	3	2	2	7	6	7	4	4	4	5
OTU_1197	18	17	16	21	21	19	21	20	17	14	15	18	17	15
OTU_12	1	4	NA	1	1	1	1	2	5	4	3	NA	NA	1
OTU_120	4	NA	1	4	3	4	5	1	1	1	1	1	1	1
OTU_1202	NA	2	1	NA	NA	NA	NA	1	2	1	2	1	1	1
OTU_1203	1	2	3	2	2	1	1	2	2	1	1	3	4	1
OTU_1204	5	2	3	2	6	5	5	3	4	2	4	5	5	3
OTU_1205	NA	1	2	1	1	1	1	2	1	2	2	2	1	1
OTU_1206	3	13	7	3	2	3	4	12	12	12	8	4	4	6
OTU_1207	3	7	4	3	5	4	5	7	8	7	7	5	3	4
OTU_1208	2	1	NA	1	2	2	1	1	1	1	1	NA	NA	NA
OTU_121	1	NA	NA	1	1	1	1	1	NA	1	2	NA	NA	NA
OTU_1211	NA	1	1	NA	NA	NA	NA	1	1	1	2	1	1	1
OTU_1217	1	1	9	1	1	1	1	2	3	3	2	7	9	6
OTU_1218	4	8	2	4	5	5	4	8	6	6	7	3	4	3
OTU_1219	5	3	4	4	4	1	4	4	3	2	4	2	4	3
OTU_1221	1	3	3	NA	NA	1	1	4	2	3	1	2	1	2
OTU_1224	7	3	6	7	5	6	7	1	3	4	3	6	4	6
OTU_1229	2	NA	NA	2	NA	2	2	1	NA	1	1	1	NA	1
OTU_1232	2	1	1	3	2	2	2	1	2	1	3	NA	NA	NA
OTU_1239	9	2	5	9	5	11	10	3	4	3	4	5	5	2
OTU_1240	10	5	10	8	7	9	10	5	5	2	5	9	11	11
OTU_1241	1	3	1	NA	1	NA	NA	3	3	2	1	NA	NA	1
OTU_1242	1	2	2	NA	1	NA	1	2	2	4	1	3	3	3
OTU_1247	2	1	1	2	2	NA	2	1	2	1	1	2	1	1
OTU_1249	1	3	3	1	1	1	1	2	3	2	3	2	3	3
OTU_1250	2	NA	3	2	2	1	2	NA	1	1	NA	3	4	5
OTU_1254	3	NA	NA	2	3	4	2	NA	NA	NA	NA	1	2	2
OTU_126	2	2	NA	2	2	3	2	1	1	2	2	1	1	NA
OTU_1261	NA	1	1	NA	NA	NA	NA	NA	1	1	2	1	1	1
OTU_1267	18	27	23	16	15	16	14	24	25	25	26	24	18	17
OTU_1270	2	2	1	1	2	2	2	2	2	2	NA	2	1	1
OTU_1272	5	1	5	6	2	6	6	3	6	2	5	7	6	8
OTU_1273	4	5	8	3	4	4	4	5	6	5	7	7	5	5
OTU_1274	4	6	7	2	4	3	4	6	7	5	4	6	5	2
OTU_1275	8	2	3	8	6	5	8	2	3	5	3	5	4	4
OTU_1276	4	4	3	4	4	6	5	1	1	1	3	3	3	3
OTU_1277	1	4	3	NA	1	1	1	4	1	3	2	4	3	4
OTU_1278	NA	2	1	NA	NA	NA	NA	1	1	2	1	1	1	1
OTU_1279	5	9	3	5	2	3	5	10	8	6	5	5	5	2
OTU_1281	NA	NA	3	1	1	1	1	NA	NA	NA	NA	2	1	1
OTU_1282	NA	2	5	NA	NA	NA	NA	3	5	3	5	6	4	5
OTU_1283	NA	1	2	NA	NA	NA	NA	1	1	1	NA	2	1	1
OTU_129	12	8	7	9	12	12	13	9	11	12	9	4	2	7
OTU_1296	1	NA	1	1	1	NA	1	NA	NA	NA	NA	2	3	2
OTU_130	1	4	1	NA	1	1	1	5	4	3	2	1	NA	1
OTU_1303	2	2	2	1	1	2	1	2	3	2	3	3	2	2
OTU_131	123	154	174	112	120	124	121	132	143	152	144	178	171	176
OTU_1310	2	2	4	1	2	1	1	1	2	3	4	1	3	3
OTU_132	23	27	14	21	23	19	21	35	25	31	19	13	11	11
OTU_1322	5	NA	1	3	6	5	3	NA	NA	NA	1	1	NA	1
OTU_1323	2	5	2	4	4	3	4	4	NA	5	4	1	2	2
OTU_1324	1	1	1	1	1	NA	NA	2	1	2	2	1	1	1
OTU_1325	2	1	1	2	2	1	NA	NA	1	1	NA	1	1	1
OTU_1326	2	2	NA	2	1	2	2	3	1	2	2	NA	NA	NA
OTU_1327	2	3	NA	3	2	3	1	4	6	5	4	NA	NA	NA
OTU_1328	1	NA	3	1	1	NA	1	NA	NA	NA	NA	2	2	3
OTU_1329	3	5	7	4	3	4	3	3	3	4	2	5	5	6
OTU_133	1	NA	1	1	1	1	1	1	NA	NA	NA	1	NA	1
OTU_1330	1	2	2	1	1	1	NA	2	2	1	1	2	2	2
OTU_1331	1	1	NA	1	1	1	NA	1	NA	2	2	NA	NA	NA
OTU_1332	NA	2	4	NA	NA	NA	NA	1	2	1	2	3	5	5
OTU_134	11	13	NA	9	9	7	7	10	11	16	13	1	NA	NA
OTU_1341	2	1	1	2	1	1	1	1	1	1	NA	1	1	1
OTU_1342	NA	2	NA	NA	NA	NA	NA	1	2	2	2	1	1	1
OTU_1345	2	2	NA	2	1	1	1	2	3	2	2	NA	NA	NA
OTU_1346	2	NA	1	2	3	2	2	1	1	NA	NA	3	2	3
OTU_136	90	153	77	89	90	98	90	155	138	133	131	69	78	78
OTU_137	87	70	39	77	87	89	83	76	72	69	84	39	43	35
OTU_138	33	75	37	37	30	32	36	77	72	74	74	37	34	33
OTU_1380	1	1	2	1	2	2	1	NA	2	NA	1	1	2	4
OTU_1381	3	NA	NA	4	5	4	4	3	2	3	3	NA	NA	1
OTU_1383	8	8	13	8	10	10	7	10	10	10	7	13	10	6
OTU_1385	5	NA	2	5	4	4	4	NA	NA	NA	NA	1	2	1
OTU_1386	2	2	NA	2	2	2	2	1	4	2	NA	1	1	NA
OTU_1387	4	NA	3	4	2	3	3	1	1	NA	1	4	4	3
OTU_1388	3	1	6	5	5	3	4	1	1	1	2	6	8	7
OTU_1389	3	1	3	3	4	3	2	1	NA	1	1	3	4	3
OTU_139	20	5	5	22	20	21	15	5	6	6	7	5	7	6
OTU_1390	2	1	NA	1	2	1	2	NA	1	NA	1	NA	1	1
OTU_1391	3	NA	1	3	2	3	3	NA	NA	NA	NA	1	NA	1
OTU_1392	2	1	3	2	1	3	3	1	1	3	3	3	3	2
OTU_1393	NA	2	1	NA	1	1	NA	2	2	NA	2	2	1	2
OTU_1394	1	2	1	1	1	1	1	3	3	3	1	1	1	1
OTU_1395	1	1	2	1	1	1	1	1	1	1	NA	4	3	4
OTU_1397	NA	1	1	NA	NA	NA	NA	2	1	2	1	1	1	1
OTU_1398	3	1	NA	3	2	4	1	1	1	NA	1	1	NA	1
OTU_140	1	3	3	2	NA	2	2	1	3	3	4	2	1	2
OTU_1400	2	2	3	3	2	1	3	5	4	4	4	5	5	4
OTU_1401	1	1	3	1	NA	1	1	NA	1	1	1	4	3	3
OTU_1402	1	2	NA	NA	1	1	1	1	3	3	3	NA	NA	NA
OTU_1404	6	1	3	6	6	4	6	NA	2	1	1	5	4	5
OTU_1407	3	3	6	3	3	3	4	3	4	5	3	5	8	4
OTU_1408	1	NA	1	NA	1	1	1	NA	1	1	1	1	1	1
OTU_1409	3	3	2	4	3	4	1	2	NA	2	3	2	1	2
OTU_141	10	7	460	10	8	11	9	6	6	7	8	483	482	490
OTU_1410	2	NA	2	3	2	3	3	NA	NA	NA	NA	1	NA	2
OTU_1411	NA	NA	1	1	1	1	1	1	1	NA	1	1	1	1
OTU_1417	NA	1	2	NA	NA	NA	NA	2	1	2	2	1	3	2
OTU_1418	2	2	3	3	2	2	2	2	1	1	NA	5	5	3
OTU_142	NA	1	1	NA	NA	NA	NA	1	1	2	2	1	NA	1
OTU_1420	2	4	2	NA	2	2	1	3	4	2	4	1	2	1
OTU_1427	1	1	1	1	1	NA	1	NA	1	NA	NA	1	1	1
OTU_143	23	19	11	21	17	19	21	14	13	19	18	8	10	11
OTU_144	2	1	2	2	2	2	2	3	3	2	2	1	3	3
OTU_145	43	43	32	40	40	39	38	42	45	48	42	30	33	31
OTU_1458	1	NA	2	2	2	2	3	NA	NA	NA	NA	1	1	2
OTU_1461	NA	3	2	NA	NA	NA	NA	3	3	2	1	NA	3	1
OTU_1468	2	NA	NA	2	2	2	1	1	1	1	NA	NA	NA	NA
OTU_147	32	35	27	27	35	35	28	34	30	41	45	28	22	30
OTU_1477	4	1	1	4	5	5	5	2	1	1	2	2	2	1
OTU_148	42	57	44	41	40	48	41	55	56	62	65	39	41	39
OTU_1481	NA	1	2	NA	NA	NA	NA	1	NA	1	1	2	1	2
OTU_1494	1	2	1	NA	NA	NA	1	1	1	1	1	1	1	1
OTU_1497	2	NA	1	2	1	2	2	NA	NA	NA	NA	NA	1	1
OTU_15	75	43	24	76	75	81	82	40	34	34	35	29	33	30
OTU_150	9	12	8	9	10	9	12	12	6	7	10	10	12	12
OTU_1512	3	1	3	4	4	3	4	3	2	1	2	3	3	2
OTU_1513	2	4	1	1	2	1	2	6	3	6	2	3	3	4
OTU_1514	5	NA	3	5	5	5	4	NA	NA	NA	NA	3	3	3
OTU_1515	3	2	NA	3	3	3	2	1	3	NA	1	NA	1	1
OTU_1516	3	NA	3	3	3	4	4	NA	NA	NA	NA	3	2	2
OTU_1517	1	1	1	1	1	1	1	2	2	2	2	1	1	1
OTU_1518	4	2	1	5	3	5	4	1	2	NA	1	NA	1	1
OTU_1519	2	3	2	2	2	2	2	3	5	5	3	1	1	1
OTU_152	4	7	7	6	8	7	6	7	5	7	3	8	8	9
OTU_1520	2	NA	1	2	1	2	2	NA	1	1	1	2	2	NA
OTU_1521	3	1	4	3	2	3	1	1	NA	1	1	3	4	2
OTU_1522	3	1	1	3	1	3	2	1	1	1	1	1	1	1
OTU_1523	4	NA	3	3	1	4	4	NA	NA	NA	NA	2	2	2
OTU_1524	3	3	2	2	3	3	2	3	3	3	2	2	1	3
OTU_1525	4	2	3	4	3	3	4	2	NA	NA	NA	2	3	2
OTU_1526	2	NA	1	2	2	2	2	NA	NA	NA	NA	1	1	NA
OTU_1527	1	1	NA	1	1	1	1	1	2	NA	2	NA	NA	NA
OTU_1528	3	3	2	2	4	2	4	3	2	2	2	1	NA	NA
OTU_1529	4	2	1	1	3	3	4	2	NA	2	1	1	1	2
OTU_153	2	NA	1	1	2	2	1	NA	1	1	2	2	2	2
OTU_1531	22	37	18	23	21	21	14	33	36	30	36	18	17	18
OTU_1532	2	3	2	2	1	2	2	2	2	3	NA	1	1	1
OTU_1533	1	1	NA	1	1	1	1	2	2	2	2	1	NA	1
OTU_1534	1	NA	1	1	NA	NA	1	1	1	1	NA	1	1	NA
OTU_1535	1	2	1	1	1	1	1	2	1	1	2	1	NA	1
OTU_1536	NA	2	3	NA	NA	NA	NA	1	1	2	2	2	2	1
OTU_1537	1	1	1	NA	1	1	1	NA	1	1	2	3	2	3
OTU_1538	4	2	5	3	4	5	5	3	6	3	4	6	2	5
OTU_1539	NA	5	1	NA	NA	NA	NA	6	5	3	3	1	1	1
OTU_154	37	32	33	38	34	43	39	25	24	33	33	35	30	35
OTU_1540	3	4	NA	5	3	5	3	1	1	1	2	1	1	1
OTU_1541	1	1	NA	1	1	1	1	1	1	1	1	NA	NA	NA
OTU_1542	1	5	5	2	2	1	2	4	5	4	3	4	4	3
OTU_1545	1	2	3	NA	1	1	NA	2	2	2	1	3	NA	3
OTU_1547	1	2	NA	3	1	2	3	1	1	NA	1	NA	NA	NA
OTU_1548	NA	1	1	NA	NA	NA	NA	1	1	1	NA	4	4	5
OTU_1549	3	4	2	5	4	4	5	3	4	4	1	4	3	4
OTU_155	16	11	14	13	13	13	14	15	11	16	10	18	14	12
OTU_1551	1	1	3	1	1	1	1	1	NA	1	1	3	4	3
OTU_1552	2	2	3	NA	2	2	3	2	2	1	3	3	2	2
OTU_1555	5	3	6	6	4	6	5	3	3	2	2	6	8	6
OTU_1556	NA	3	5	NA	NA	NA	NA	2	3	2	2	3	4	2
OTU_1558	NA	1	1	1	1	1	1	1	1	NA	NA	NA	1	1
OTU_156	328	423	222	354	339	336	345	408	417	428	418	209	225	204
OTU_1560	NA	1	3	NA	NA	NA	NA	1	1	1	1	1	1	1
OTU_1561	NA	NA	3	NA	NA	NA	NA	2	3	3	1	3	2	4
OTU_1565	NA	1	1	NA	NA	NA	NA	1	4	1	3	2	2	1
OTU_1566	1	NA	1	1	2	2	2	2	3	1	2	NA	1	NA
OTU_1567	2	2	4	2	NA	2	1	2	NA	1	2	4	4	3
OTU_1568	1	4	1	1	1	1	1	5	2	1	4	2	2	2
OTU_1569	2	1	1	1	2	2	NA	1	1	NA	1	NA	1	1
OTU_157	7	NA	3	7	7	7	8	NA	NA	1	1	4	4	1
OTU_1572	1	NA	5	1	1	1	NA	NA	NA	NA	NA	3	4	4
OTU_1576	1	NA	1	2	2	1	2	NA	NA	NA	NA	NA	1	1
OTU_158	NA	2	1	NA	NA	NA	NA	2	1	2	1	2	2	1
OTU_159	13	8	6	17	12	12	12	9	14	8	11	5	7	5
OTU_16	16	34	33	14	16	19	15	38	33	32	31	29	32	33
OTU_160	18	29	9	17	18	21	22	28	27	21	28	12	8	14
OTU_1604	3	2	3	2	3	1	2	2	NA	1	2	3	2	2
OTU_1608	1	NA	NA	1	2	2	2	NA	NA	NA	NA	3	3	3
OTU_161	4	6	5	6	7	6	4	5	9	8	7	6	6	6
OTU_162	28	15	19	31	30	27	29	11	17	16	14	19	17	20
OTU_1627	1	1	NA	1	1	1	1	1	1	1	1	NA	NA	NA
OTU_1632	NA	NA	NA	1	1	1	1	1	2	2	2	1	1	NA
OTU_1647	NA	NA	3	1	1	1	1	NA	NA	NA	NA	1	3	2
OTU_165	1	2	NA	2	1	2	2	2	3	2	2	NA	NA	NA
OTU_1652	2	NA	3	2	1	2	1	1	1	NA	NA	3	1	3
OTU_166	8	14	3	8	7	8	7	14	12	9	8	3	3	4
OTU_1664	1	1	1	NA	1	1	1	NA	NA	1	NA	1	NA	NA
OTU_1665	2	NA	1	1	1	1	1	NA	NA	NA	NA	2	2	NA
OTU_1666	1	1	1	1	1	1	NA	NA	1	1	NA	1	1	NA
OTU_167	6	6	6	7	8	8	8	6	4	8	3	7	6	9
OTU_1674	2	1	1	NA	2	2	2	NA	1	NA	1	1	1	1
OTU_168	16	22	13	12	15	12	15	31	24	18	23	15	17	9
OTU_1683	1	NA	2	1	1	NA	1	NA	NA	NA	NA	2	1	1
OTU_1685	2	NA	1	1	1	1	1	NA	NA	NA	NA	1	1	1
OTU_169	10	12	5	12	11	9	8	13	10	12	9	5	6	5
OTU_1696	3	2	NA	2	2	3	3	1	1	1	1	NA	NA	NA
OTU_1698	1	1	NA	1	1	1	1	2	1	2	1	NA	NA	NA
OTU_17	33	18	17	31	33	30	29	12	15	16	16	13	12	15
OTU_170	9	20	13	9	10	10	10	20	20	24	14	15	16	15
OTU_1701	1	1	NA	1	1	NA	1	NA	1	NA	NA	1	NA	1
OTU_171	2	2	1	2	2	2	2	NA	NA	2	3	1	1	1
OTU_1713	1	1	1	1	1	1	NA	NA	NA	1	1	2	1	2
OTU_1714	3	7	7	4	3	5	4	6	4	6	5	9	8	6
OTU_1716	23	36	40	18	20	20	16	38	32	34	39	42	37	43
OTU_172	13	14	5	17	11	15	12	12	16	15	16	10	8	7
OTU_1720	2	1	NA	2	1	2	1	2	NA	1	NA	1	1	1
OTU_1728	1	1	1	2	1	2	2	1	NA	1	NA	1	1	NA
OTU_173	9	8	10	11	11	13	13	6	8	9	6	10	11	6
OTU_174	6	5	3	5	6	5	5	5	4	6	6	4	4	3
OTU_1754	3	1	3	4	5	6	6	3	2	3	3	2	3	4
OTU_176	2	6	2	1	3	2	3	7	8	5	7	3	2	3
OTU_177	5	4	5	8	7	6	6	11	10	6	10	4	2	3
OTU_1780	NA	4	NA	1	1	1	1	1	3	3	3	NA	NA	NA
OTU_1789	42	34	43	48	43	42	45	42	35	35	40	53	55	54
OTU_179	1	7	12	1	1	1	NA	8	7	6	3	14	12	10
OTU_1793	3	10	5	3	3	3	3	10	13	13	14	4	4	4
OTU_1798	2	1	4	2	1	1	1	2	1	2	1	4	2	2
OTU_18	21	10	15	18	17	20	17	10	12	14	11	13	14	14
OTU_1802	2	1	2	1	1	1	2	1	NA	1	1	2	1	2
OTU_1803	2	3	5	2	2	2	1	3	3	3	3	3	3	4
OTU_1808	2	3	3	2	2	1	2	1	2	3	3	2	2	3
OTU_1809	6	5	7	6	6	6	6	5	11	7	8	9	7	8
OTU_1810	2	12	NA	1	NA	1	2	9	9	9	11	NA	NA	NA
OTU_1811	1	3	1	1	1	1	1	3	2	2	3	1	1	NA
OTU_1814	12	13	8	12	14	11	13	14	16	18	10	10	8	6
OTU_1815	7	6	6	6	6	7	6	5	8	4	6	3	5	4
OTU_182	7	3	6	6	8	7	7	3	1	2	2	5	7	5
OTU_1827	3	1	1	3	3	3	3	NA	1	1	NA	1	1	NA
OTU_1828	NA	1	1	NA	NA	NA	NA	1	1	NA	1	1	1	1
OTU_1829	NA	5	3	NA	NA	NA	NA	7	7	5	9	4	6	6
OTU_183	4	6	3	7	8	7	7	5	5	6	4	4	4	4
OTU_184	2	NA	NA	2	2	2	1	1	1	1	1	NA	NA	NA
OTU_1847	NA	1	NA	1	1	NA	1	2	3	2	4	NA	NA	NA
OTU_1848	3	NA	NA	3	2	3	4	1	1	1	1	NA	NA	NA
OTU_185	4	3	3	3	3	3	4	4	5	5	3	3	3	3
OTU_1852	4	2	NA	5	3	4	5	2	1	2	1	1	1	1
OTU_186	4	3	9	4	4	5	6	4	2	5	4	9	11	9
OTU_1867	7	10	15	10	8	10	10	12	11	12	9	13	11	11
OTU_1868	1	8	3	2	1	2	1	7	9	10	6	3	2	2
OTU_187	4	6	5	5	6	5	5	7	7	2	3	2	3	3
OTU_188	1	1	1	1	1	1	1	NA	NA	NA	NA	3	1	2
OTU_19	16	29	30	12	17	15	16	32	30	27	25	29	28	28
OTU_1911	9	13	16	9	10	7	9	14	13	15	11	16	17	18
OTU_1912	22	14	17	20	24	22	21	14	19	20	20	22	22	17
OTU_1913	6	11	7	9	10	9	11	14	9	8	11	9	9	6
OTU_1914	1	NA	5	3	3	3	2	NA	1	1	1	7	4	6
OTU_1916	NA	3	4	NA	NA	NA	NA	2	2	1	1	1	3	2
OTU_1917	6	NA	1	5	5	4	3	1	2	1	1	1	2	2
OTU_1918	2	3	1	3	2	2	2	3	3	2	3	1	1	1
OTU_1921	1	NA	1	1	1	1	NA	NA	NA	NA	NA	1	1	1
OTU_1925	NA	2	2	NA	NA	NA	NA	1	2	1	2	2	1	1
OTU_1927	6	2	5	7	6	4	7	1	2	NA	1	8	7	7
OTU_1928	2	NA	1	1	2	2	2	1	NA	1	2	1	2	2
OTU_193	4	3	3	2	4	4	4	1	1	1	2	NA	4	3
OTU_1930	1	NA	1	1	1	1	NA	1	NA	1	1	1	1	1
OTU_1931	3	1	4	3	2	2	2	3	4	3	3	3	1	3
OTU_1932	13	12	18	16	18	14	15	12	15	21	17	14	13	14
OTU_1933	3	1	2	3	2	3	2	1	1	NA	1	2	3	3
OTU_1934	1	4	2	NA	NA	1	NA	2	1	1	1	3	4	4
OTU_1935	148	165	320	155	160	158	169	173	176	190	178	314	316	321
OTU_1936	3	21	1	2	3	3	3	16	19	18	14	1	1	2
OTU_1937	4	2	4	2	2	2	3	3	2	2	3	4	5	5
OTU_1938	1	NA	2	1	2	1	2	NA	NA	NA	NA	2	2	2
OTU_194	8	3	6	9	8	8	9	5	6	4	3	6	6	5
OTU_1940	6	4	6	4	4	7	6	6	6	1	4	6	4	4
OTU_1941	4	3	5	3	3	1	1	3	3	3	4	4	6	6
OTU_1943	11	19	8	11	14	16	12	22	14	15	18	13	10	11
OTU_1944	3	10	9	1	3	3	3	7	6	12	6	8	12	13
OTU_1945	4	NA	6	4	3	4	3	1	NA	2	2	7	7	6
OTU_1947	2	1	2	1	1	1	2	1	NA	NA	1	1	2	1
OTU_1948	1	5	7	1	1	1	1	4	4	5	2	5	5	7
OTU_195	3	4	8	2	3	2	2	7	6	9	8	6	10	9
OTU_1950	3	2	4	4	3	3	3	1	2	2	1	4	5	4
OTU_1952	10	6	75	9	8	9	6	6	7	5	4	70	81	78
OTU_1953	16	35	41	15	17	18	20	30	28	25	35	44	47	47
OTU_1954	1	NA	1	NA	1	1	1	NA	NA	NA	NA	1	1	1
OTU_1955	3	3	5	3	2	1	4	2	2	4	3	7	6	5
OTU_1956	8	1	8	8	10	8	9	1	1	1	1	9	6	8
OTU_1957	2	1	3	2	2	1	2	2	2	1	1	2	3	2
OTU_1958	1	1	1	1	2	3	3	4	2	4	2	1	1	1
OTU_196	1	1	2	1	1	1	1	1	1	NA	1	1	2	2
OTU_1960	100	90	108	101	105	103	103	100	101	104	92	110	109	104
OTU_1961	3	2	4	1	4	5	4	2	6	4	5	3	5	6
OTU_1962	17	20	16	16	17	16	13	11	26	22	23	22	23	19
OTU_1963	16	11	11	14	12	16	15	12	11	10	11	10	12	14
OTU_1964	17	24	25	20	14	19	19	23	28	21	25	27	25	23
OTU_1965	10	7	8	10	9	12	12	9	9	6	12	12	11	12
OTU_1966	6	12	17	7	4	6	7	15	17	10	14	16	18	19
OTU_1967	7	9	29	7	8	7	8	8	7	8	7	30	39	32
OTU_1968	15	24	28	14	15	12	15	35	35	39	36	25	23	22
OTU_1969	13	12	17	20	18	18	18	10	10	11	11	15	17	16
OTU_1970	7	8	9	7	7	6	8	9	10	10	10	8	10	10
OTU_1971	7	7	14	6	8	8	7	4	7	9	7	10	13	14
OTU_1972	6	5	11	6	6	7	6	5	6	6	7	7	6	8
OTU_1973	9	4	21	12	8	10	11	7	5	9	7	22	12	18
OTU_1974	7	7	3	6	6	7	7	5	6	7	4	4	5	3
OTU_1975	6	6	6	4	7	6	6	6	6	6	4	6	7	7
OTU_1976	2	4	4	2	2	2	3	5	5	3	4	4	4	4
OTU_1977	7	7	16	13	10	11	10	9	9	7	11	10	9	11
OTU_1978	NA	3	4	1	1	1	1	3	2	2	2	4	4	5
OTU_1979	9	8	17	8	9	8	11	10	10	11	9	18	23	18
OTU_198	1	1	NA	2	2	2	2	2	1	1	NA	NA	NA	NA
OTU_1980	5	6	3	4	3	6	6	4	4	5	6	5	5	7
OTU_1981	6	7	9	3	4	4	6	10	7	8	12	10	13	9
OTU_1982	5	10	8	4	4	4	5	7	11	13	13	10	9	8
OTU_1984	1	2	NA	1	1	NA	1	2	1	2	3	NA	1	NA
OTU_1985	1	4	2	NA	1	1	1	4	4	5	3	2	4	3
OTU_1986	4	5	4	3	4	3	4	9	4	8	7	5	7	7
OTU_1987	1	4	4	2	4	3	5	5	5	7	4	3	4	5
OTU_1988	3	2	1	4	2	2	4	2	2	2	1	1	1	NA
OTU_1989	3	4	1	4	3	3	3	4	3	2	3	NA	1	1
OTU_199	4	1	4	4	3	2	4	2	2	2	1	1	6	5
OTU_1990	3	3	2	3	2	NA	2	1	2	1	3	2	2	1
OTU_1991	6	3	6	4	6	5	6	5	5	2	6	5	5	7
OTU_1992	1	1	NA	2	1	1	2	2	2	3	2	NA	NA	NA
OTU_1993	4	8	3	6	4	6	5	9	7	7	8	3	4	3
OTU_1994	6	11	10	6	5	6	7	8	10	6	8	10	10	12
OTU_1995	NA	2	4	NA	NA	NA	NA	3	3	1	2	5	4	2
OTU_1996	NA	2	1	1	NA	NA	1	2	NA	1	2	2	NA	1
OTU_1997	1	5	3	1	1	1	1	5	7	6	4	3	5	4
OTU_1998	5	2	2	4	5	4	3	2	1	3	2	NA	1	1
OTU_1999	1	1	4	1	1	1	NA	2	NA	1	1	5	3	5
OTU_2	8	9	5	8	9	5	8	6	3	6	6	4	3	7
OTU_20	6	9	4	5	5	3	6	6	5	7	5	5	7	3
OTU_200	9	9	4	10	10	12	8	5	6	9	5	5	3	2
OTU_2000	5	2	2	5	5	5	4	4	4	5	1	2	3	3
OTU_2002	4	5	7	4	5	4	4	7	8	9	7	6	4	6
OTU_2003	2	3	2	3	3	3	2	1	3	2	NA	1	2	4
OTU_2004	1	1	4	1	NA	2	1	1	1	1	NA	4	2	3
OTU_2005	6	4	4	7	3	4	4	1	3	3	4	4	4	4
OTU_2006	1	1	2	1	1	1	1	2	3	1	2	2	3	3
OTU_2007	1	3	NA	1	NA	NA	1	2	2	3	3	NA	NA	NA
OTU_2008	1	4	NA	1	1	1	1	2	3	4	3	NA	1	1
OTU_2009	1	3	1	1	1	NA	1	3	2	2	2	NA	1	NA
OTU_201	2	4	1	2	3	3	2	4	5	4	1	1	1	1
OTU_2010	3	5	4	3	4	4	4	6	6	6	4	3	4	1
OTU_2013	1	1	NA	1	1	NA	1	1	NA	1	1	NA	NA	NA
OTU_2014	2473	1929	833	2467	2466	2463	2412	1977	1947	1914	1937	838	828	826
OTU_2016	26	39	19	36	32	31	28	30	40	31	37	21	17	23
OTU_202	5	4	6	6	9	10	9	4	4	5	5	8	5	6
OTU_2020	31	31	6	31	28	33	31	28	30	29	34	4	5	3
OTU_2029	7	2	NA	5	8	7	7	1	NA	1	1	NA	NA	NA
OTU_203	2	3	1	2	2	1	1	2	1	4	3	1	NA	NA
OTU_2031	3	2	6	3	4	3	3	2	3	3	1	3	4	4
OTU_2034	1	NA	1	1	1	1	1	NA	NA	NA	NA	1	1	1
OTU_2035	4	7	9	6	5	6	2	4	7	9	5	9	9	10
OTU_2038	6	NA	3	6	5	3	5	NA	1	1	NA	3	3	1
OTU_204	9	8	4	10	11	9	11	4	8	8	5	2	2	4
OTU_2040	1	NA	1	1	2	NA	1	NA	NA	NA	NA	1	2	2
OTU_2041	4	1	2	5	4	3	3	1	1	NA	1	3	1	3
OTU_2042	161	184	131	172	172	168	168	179	192	185	186	133	134	132
OTU_2045	30	9	16	31	33	31	35	16	15	12	14	20	22	20
OTU_205	7	5	4	6	5	4	5	4	1	4	4	3	6	5
OTU_2053	1	NA	1	NA	NA	NA	1	2	1	2	1	1	NA	2
OTU_2056	244	114	95	242	244	233	236	112	114	111	112	86	84	89
OTU_2057	19	31	5	18	20	16	16	26	27	33	27	5	3	3
OTU_2063	8	6	4	8	10	10	7	3	7	6	6	5	4	5
OTU_2069	2	NA	1	2	2	1	1	NA	NA	NA	NA	1	1	NA
OTU_207	1	2	NA	1	1	1	NA	2	1	2	1	NA	NA	NA
OTU_2071	1	1	NA	1	1	NA	NA	NA	1	NA	1	1	1	2
OTU_2072	2	2	4	3	3	3	3	2	2	1	1	2	3	3
OTU_2076	3	3	13	7	9	6	6	5	5	4	4	14	13	10
OTU_2079	3	NA	1	3	3	2	2	1	1	1	NA	1	1	2
OTU_2080	1	NA	NA	NA	1	1	1	1	1	NA	1	1	NA	1
OTU_2085	1	3	5	1	1	1	1	3	4	2	3	6	8	7
OTU_2087	1	2	3	1	NA	1	1	1	2	2	2	6	2	4
OTU_21	16	13	4	18	16	19	13	11	8	7	14	3	3	2
OTU_2101	3	6	4	3	2	2	1	6	4	7	7	4	5	2
OTU_2102	40	67	35	43	42	44	38	67	63	73	54	33	35	37
OTU_2103	24	14	10	22	22	24	25	10	14	14	16	10	7	11
OTU_2104	55	33	27	51	52	50	58	33	41	34	33	27	22	30
OTU_2105	107	165	60	106	108	105	106	164	168	160	178	70	66	62
OTU_2106	41	52	43	51	49	52	52	58	55	51	54	39	35	32
OTU_2107	14	10	14	7	11	10	11	6	8	9	2	21	20	20
OTU_2108	8	5	7	8	7	8	7	9	7	7	1	6	4	6
OTU_2109	74	68	56	73	72	69	62	82	76	79	78	48	52	58
OTU_211	2	1	4	3	3	1	1	NA	3	1	2	3	5	6
OTU_2110	115	49	54	108	125	116	100	53	45	58	44	49	50	52
OTU_2111	9	10	12	11	11	8	7	9	11	10	11	11	9	10
OTU_2112	25	12	15	22	20	20	19	20	17	17	18	14	12	12
OTU_2113	42	26	26	44	42	41	44	27	20	20	19	26	29	31
OTU_2114	19	27	23	16	17	17	19	23	30	27	22	23	27	21
OTU_2115	48	58	60	43	48	48	50	61	64	63	61	62	63	64
OTU_2117	17	24	13	17	19	16	17	19	25	21	31	15	13	13
OTU_2119	10	10	13	11	13	14	12	13	13	13	8	12	13	9
OTU_212	1	NA	5	2	1	NA	2	NA	NA	NA	NA	8	6	9
OTU_2120	3	3	2	4	2	3	4	2	1	2	4	1	2	3
OTU_2121	5	7	8	5	5	4	4	5	5	5	9	4	8	6
OTU_2122	31	23	27	32	31	29	35	23	23	30	27	19	20	24
OTU_2123	1	NA	1	1	NA	1	1	1	1	1	1	NA	1	1
OTU_2124	18	21	14	20	17	16	19	18	22	15	24	14	13	19
OTU_2125	16	20	14	18	16	15	14	16	21	18	24	13	12	13
OTU_2126	1	NA	2	2	1	1	NA	NA	1	NA	1	3	2	2
OTU_2127	3	7	9	6	3	2	6	8	6	8	4	11	7	11
OTU_2129	7	15	6	6	9	8	7	12	10	14	12	6	7	7
OTU_2131	8	7	12	9	9	5	7	4	4	4	6	14	11	11
OTU_2133	12	7	12	11	10	10	11	8	6	5	7	9	5	11
OTU_2135	9	14	15	12	12	13	7	13	21	12	13	13	15	16
OTU_2137	3	4	1	2	1	4	2	2	2	1	3	1	1	2
OTU_2138	9	2	7	9	8	9	7	4	3	3	2	6	5	4
OTU_2139	15	9	10	10	14	13	12	10	15	9	10	11	8	10
OTU_2140	10	9	10	9	10	7	8	6	10	9	8	9	10	8
OTU_2141	1	1	1	2	3	3	2	2	1	1	1	1	1	NA
OTU_2144	9	8	7	13	11	10	8	8	12	7	6	11	6	10
OTU_2145	7	4	7	6	5	8	6	2	4	3	3	6	9	7
OTU_2146	3	5	6	2	2	1	2	6	3	5	8	5	3	5
OTU_2147	1	3	3	1	2	2	2	7	5	5	5	3	3	3
OTU_2148	3	2	1	3	1	4	4	NA	2	1	2	1	2	1
OTU_2149	5	7	4	3	3	5	5	4	6	5	5	3	2	4
OTU_2150	4	1	2	3	3	4	2	NA	1	1	NA	2	2	1
OTU_2151	NA	2	NA	2	2	2	2	3	3	2	1	NA	NA	NA
OTU_2152	8	7	5	4	8	4	8	9	6	7	8	8	9	6
OTU_2155	11	7	3	9	10	11	12	11	8	9	9	3	2	4
OTU_2156	4	6	5	4	4	5	4	6	6	6	4	6	5	6
OTU_2157	7	6	10	5	6	9	8	5	6	7	7	7	7	11
OTU_2158	2	3	4	4	2	4	2	3	5	4	5	6	2	3
OTU_2159	5	2	NA	5	3	4	3	3	2	2	3	NA	1	1
OTU_216	2	4	4	1	NA	2	1	4	6	4	2	5	2	2
OTU_2161	3	4	7	4	2	3	4	5	5	8	5	8	8	6
OTU_2162	2	1	2	1	2	1	2	1	2	NA	2	1	1	2
OTU_2164	2	5	4	1	2	1	2	8	5	5	7	4	4	2
OTU_2165	12	8	11	10	13	13	8	8	6	7	4	14	11	12
OTU_2166	5	6	6	9	7	8	10	9	8	5	7	5	6	4
OTU_2167	2	1	NA	1	1	1	1	1	1	1	1	NA	1	1
OTU_2168	3	1	NA	4	2	2	3	2	1	2	2	2	2	NA
OTU_217	2	2	3	2	1	1	1	2	1	1	2	2	2	1
OTU_2170	3	3	NA	2	3	3	3	4	4	4	4	NA	NA	NA
OTU_2171	9	10	5	13	7	11	13	6	8	12	9	7	7	8
OTU_2172	2	8	3	2	2	1	1	8	9	7	7	5	5	5
OTU_2173	3	2	4	3	3	4	1	2	3	3	3	4	5	4
OTU_2175	4	NA	2	3	2	3	3	NA	NA	NA	NA	1	3	2
OTU_2176	1	2	NA	NA	2	2	2	1	2	1	1	1	1	1
OTU_218	7	7	14	4	7	7	7	10	12	6	9	12	13	14
OTU_2182	NA	6	2	3	3	4	2	3	2	3	6	1	4	3
OTU_2185	3	NA	1	3	2	2	2	NA	1	1	1	2	2	2
OTU_2186	1	2	3	2	1	1	1	1	1	1	1	2	1	3
OTU_2187	5	4	NA	6	3	6	4	3	4	3	3	NA	NA	NA
OTU_2189	2	1	4	1	2	1	2	1	1	NA	1	4	3	4
OTU_219	2	6	1	2	2	2	2	6	5	4	5	1	NA	1
OTU_2190	2	2	2	1	2	2	1	1	NA	2	1	2	3	NA
OTU_2191	NA	2	2	1	1	1	NA	2	5	4	4	3	2	3
OTU_2192	1	4	4	1	1	1	NA	4	NA	3	2	1	3	4
OTU_22	10	18	15	9	10	10	8	23	22	18	14	12	14	13
OTU_2203	4	4	3	6	4	6	4	3	5	5	9	2	1	2
OTU_2207	4	3	4	8	8	8	9	4	5	4	7	4	4	4
OTU_2208	1	1	5	2	2	1	1	1	NA	2	1	4	6	5
OTU_2209	1	2	1	NA	NA	1	NA	1	3	2	2	1	1	1
OTU_221	3	2	4	2	4	1	2	1	2	3	2	3	7	6
OTU_2210	5	8	2	3	5	6	5	11	9	14	10	1	3	3
OTU_2211	2	3	NA	2	2	1	2	2	1	1	2	1	1	NA
OTU_2212	7	9	8	7	6	5	6	9	15	9	11	10	11	8
OTU_2213	2	2	2	2	2	3	2	4	4	NA	2	4	4	4
OTU_2214	7	4	7	5	6	6	6	5	4	4	4	4	9	5
OTU_2215	2	NA	2	1	2	1	1	NA	NA	NA	NA	2	1	1
OTU_2216	1	1	2	NA	1	NA	1	2	2	2	3	NA	2	1
OTU_2219	NA	2	NA	NA	1	1	NA	3	4	4	4	2	2	2
OTU_222	2	5	3	4	4	4	3	4	5	6	5	2	2	4
OTU_2220	2	2	2	NA	3	3	2	2	2	2	2	1	1	2
OTU_2221	NA	2	2	NA	1	1	1	1	1	1	2	2	1	1
OTU_2222	3	NA	2	2	3	3	3	NA	2	3	2	2	2	1
OTU_2223	3	2	4	3	2	3	3	2	2	1	NA	2	3	3
OTU_2232	4	NA	1	5	5	3	5	NA	NA	NA	NA	NA	1	1
OTU_2235	1	NA	NA	NA	NA	1	1	1	1	1	NA	1	1	NA
OTU_2236	NA	1	2	NA	NA	NA	NA	1	2	1	1	3	3	2
OTU_2248	2	2	1	2	2	1	1	2	2	2	3	1	NA	NA
OTU_2249	4	2	3	5	7	5	7	2	3	2	3	4	5	4
OTU_2250	2	1	NA	2	3	3	2	1	NA	NA	NA	NA	1	1
OTU_2251	2	1	1	1	2	1	2	1	1	1	1	1	1	1
OTU_2252	2	1	2	2	2	1	2	NA	2	2	2	1	2	2
OTU_2253	2	1	NA	NA	2	1	2	NA	1	1	1	NA	NA	NA
OTU_2254	1	1	NA	2	2	1	1	NA	1	1	NA	NA	NA	NA
OTU_2255	6	9	8	5	6	8	3	4	5	6	7	9	11	7
OTU_2256	3	1	3	2	4	3	3	2	2	NA	2	2	2	1
OTU_2257	22	17	18	20	24	20	24	15	12	16	18	17	10	15
OTU_2258	6	11	13	5	4	5	5	9	10	12	9	12	12	11
OTU_2261	1	1	3	3	3	2	2	2	2	1	2	4	2	4
OTU_2264	NA	1	NA	1	1	1	NA	1	1	2	2	NA	NA	NA
OTU_2268	2	2	5	2	2	3	1	2	2	1	2	4	5	4
OTU_2270	NA	2	1	1	1	1	1	NA	3	NA	1	NA	1	1
OTU_2272	1	1	1	NA	1	NA	NA	1	1	1	2	1	NA	1
OTU_228	3	3	3	3	3	2	2	2	4	4	4	3	4	4
OTU_2280	2	NA	NA	2	2	1	2	1	1	1	NA	NA	NA	NA
OTU_2282	4	NA	1	3	2	3	2	2	2	1	1	1	1	NA
OTU_2284	NA	2	1	NA	NA	NA	NA	2	NA	2	2	2	1	1
OTU_229	3	3	1	3	2	3	2	4	1	2	3	1	1	2
OTU_2297	3	1	2	3	2	1	2	1	NA	1	2	3	3	2
OTU_23	5	4	9	5	4	5	3	3	3	5	3	3	10	9
OTU_230	7	9	3	7	7	8	8	9	9	10	7	4	5	4
OTU_2300	NA	2	2	1	1	1	NA	1	2	2	2	1	3	3
OTU_2301	3	NA	1	2	3	3	3	NA	NA	NA	NA	1	1	1
OTU_2302	5	NA	NA	3	3	3	2	NA	3	1	2	NA	NA	NA
OTU_2309	3	2	NA	4	2	3	2	NA	2	NA	2	1	1	NA
OTU_231	2	2	4	2	3	3	2	1	2	3	1	5	3	3
OTU_2321	2	1	2	3	2	NA	3	1	1	1	NA	2	3	2
OTU_2327	3	6	NA	3	3	1	5	4	4	3	3	1	2	1
OTU_2328	186	119	57	182	172	178	180	106	112	114	117	57	52	55
OTU_2329	NA	1	1	1	1	1	1	1	NA	1	1	2	2	1
OTU_233	1	8	7	1	NA	1	1	9	5	6	9	5	6	5
OTU_2330	4	3	5	7	6	6	8	4	3	6	8	6	7	6
OTU_2331	84	104	96	85	83	77	82	113	113	114	117	85	98	92
OTU_2333	49	36	81	44	51	45	47	36	34	38	37	79	75	78
OTU_2334	6	2	1	3	3	4	4	4	3	2	4	1	1	1
OTU_2335	28	10	8	28	22	21	23	14	10	10	11	7	9	7
OTU_2336	20	42	36	19	14	18	21	33	34	41	43	37	33	31
OTU_2337	15	10	18	16	14	17	14	11	16	16	16	15	17	17
OTU_2338	39	49	73	45	45	40	44	53	42	44	39	72	69	69
OTU_2339	159	126	70	154	149	146	152	109	123	128	122	77	69	78
OTU_2340	54	27	21	44	50	54	54	30	28	23	22	19	20	22
OTU_2341	34	33	27	35	37	37	37	39	40	37	39	32	33	31
OTU_2343	21	14	21	18	20	20	19	14	17	16	18	17	13	15
OTU_2344	12	23	24	13	12	11	13	22	25	24	24	24	23	21
OTU_2345	2	NA	NA	4	4	4	1	1	1	NA	1	NA	NA	NA
OTU_2346	2	NA	2	3	4	3	3	1	NA	NA	NA	1	2	2
OTU_2347	18	17	11	16	19	20	22	20	20	20	16	10	9	10
OTU_2348	10	12	7	9	8	10	10	16	12	15	13	10	9	10
OTU_2349	9	9	9	8	8	9	4	8	8	9	4	13	11	11
OTU_2351	23	25	25	22	29	27	26	23	24	24	21	27	19	22
OTU_2352	1	4	NA	1	1	1	1	3	5	5	5	4	2	3
OTU_2353	25	20	23	30	23	24	27	19	24	21	19	20	22	23
OTU_2354	5	4	19	5	3	5	5	5	5	7	4	20	19	17
OTU_2355	179	186	97	184	191	187	172	187	186	200	194	115	101	102
OTU_2357	17	13	8	18	17	17	17	16	12	15	17	5	6	7
OTU_2358	7	12	9	5	6	7	7	18	13	11	18	11	12	13
OTU_2360	15	6	2	14	15	14	16	10	10	11	6	8	10	7
OTU_2361	2	6	4	2	2	2	1	7	6	2	9	2	5	4
OTU_2363	10	19	16	8	9	9	11	24	26	20	24	13	13	16
OTU_2364	4	2	7	3	3	4	4	6	8	7	6	9	8	4
OTU_2365	2	3	3	2	2	1	2	4	3	2	4	2	4	2
OTU_2366	9	7	6	7	8	10	9	4	6	5	4	10	8	11
OTU_2367	3	NA	1	3	3	2	3	1	NA	1	NA	1	1	1
OTU_2369	2	4	1	2	3	3	NA	3	3	4	6	1	1	1
OTU_2370	15	10	12	11	12	15	18	8	12	10	9	11	10	9
OTU_2372	1	5	5	1	NA	1	1	2	5	3	5	5	4	3
OTU_2373	12	14	15	8	11	8	9	12	11	15	13	11	10	12
OTU_2374	5	1	3	3	6	2	4	3	5	4	4	2	4	3
OTU_2375	1	3	11	1	1	1	1	4	4	3	3	8	11	13
OTU_2376	1	NA	2	1	1	1	1	NA	NA	NA	NA	2	1	1
OTU_2377	1	5	4	1	1	1	2	4	2	4	4	7	3	4
OTU_2378	2	5	8	4	4	3	3	5	6	3	4	10	8	6
OTU_2379	11	5	15	4	8	7	8	3	5	1	2	12	13	13
OTU_2380	3	2	3	3	3	2	2	2	NA	2	3	4	4	5
OTU_2381	2	6	8	2	4	4	3	6	6	7	8	8	7	8
OTU_2383	3	2	3	2	4	4	4	3	2	1	1	3	2	1
OTU_2384	2	6	9	4	5	3	4	7	3	3	4	13	7	12
OTU_2385	6	2	10	7	7	7	5	4	3	2	4	8	9	11
OTU_2386	2	4	2	2	1	2	2	3	4	3	3	2	NA	2
OTU_2387	16	9	13	12	12	14	15	6	10	8	8	13	12	15
OTU_2388	6	NA	1	6	6	5	6	NA	NA	NA	NA	NA	1	1
OTU_2389	6	3	6	3	6	5	5	2	3	3	2	3	8	5
OTU_2390	1	NA	1	2	2	2	1	NA	NA	NA	NA	1	1	1
OTU_2391	2	1	2	3	2	2	2	1	NA	1	2	1	1	3
OTU_2392	2	NA	NA	1	2	2	1	1	NA	1	1	NA	NA	NA
OTU_2393	1	NA	NA	1	1	1	1	1	1	NA	1	NA	NA	NA
OTU_2397	4	1	NA	3	4	3	5	2	2	NA	1	1	1	NA
OTU_2398	16	4	17	18	14	15	15	7	8	5	6	19	18	15
OTU_2399	11	13	7	10	10	10	13	8	12	9	6	11	13	12
OTU_24	12	16	8	11	10	10	8	17	11	11	11	6	7	10
OTU_2400	6	6	2	7	7	7	8	3	9	7	6	5	6	6
OTU_2401	1	1	4	1	1	1	1	1	1	1	1	3	4	4
OTU_2402	2	1	2	2	3	2	1	1	1	1	1	2	1	2
OTU_241	2	4	NA	3	3	3	3	4	4	4	2	NA	NA	NA
OTU_2410	2	4	NA	2	3	2	1	2	1	2	NA	NA	2	NA
OTU_2411	3	1	2	3	4	6	6	1	NA	NA	1	3	2	3
OTU_2412	2	5	4	2	2	2	2	2	4	3	4	8	6	6
OTU_2413	3	3	2	4	4	4	4	4	4	4	2	3	1	3
OTU_2414	5	4	1	5	5	5	5	3	2	4	3	1	2	2
OTU_2415	8	2	4	5	8	4	8	6	6	6	6	4	4	2
OTU_2416	19	27	34	23	23	21	22	26	24	24	20	34	32	35
OTU_2417	2	3	6	2	2	2	2	3	3	2	2	5	8	7
OTU_2418	2	4	3	2	2	1	2	1	3	3	2	5	4	4
OTU_2419	13	8	4	14	13	17	13	9	6	6	8	6	6	6
OTU_242	15	12	8	14	16	14	12	11	10	14	20	9	5	7
OTU_2420	1	5	5	NA	1	1	1	4	5	5	2	4	3	3
OTU_2421	3	2	3	2	2	2	3	2	3	5	5	2	2	2
OTU_2422	1	NA	2	NA	1	1	NA	1	NA	NA	1	1	2	1
OTU_243	4	1	5	3	5	3	4	3	2	3	3	5	5	6
OTU_2439	3	1	2	2	3	2	3	1	1	1	2	4	3	2
OTU_244	2	2	1	2	1	2	2	4	3	2	5	1	1	NA
OTU_2440	3	1	NA	3	4	4	3	1	1	1	NA	1	1	1
OTU_2441	12	4	9	13	11	11	10	4	3	4	4	7	9	10
OTU_2442	5	3	6	6	8	7	6	1	3	4	4	6	6	4
OTU_2443	3	4	9	7	6	5	8	6	4	3	2	7	10	7
OTU_2444	2	3	1	2	2	2	1	2	2	3	2	1	1	1
OTU_2445	2	1	1	2	2	2	2	1	2	NA	1	1	1	1
OTU_2446	2	1	NA	2	2	1	2	1	1	NA	NA	NA	NA	NA
OTU_2447	1	1	NA	1	1	1	1	1	1	1	1	NA	NA	NA
OTU_2448	1	NA	1	1	1	1	1	NA	NA	NA	NA	1	1	1
OTU_2449	3	1	1	3	3	3	3	1	1	1	NA	NA	1	1
OTU_245	4	4	1	6	7	7	5	4	3	3	4	1	1	NA
OTU_2450	1	2	2	2	2	2	2	2	2	2	2	1	1	1
OTU_2451	1	2	5	1	NA	NA	1	2	1	3	2	3	5	5
OTU_2452	2	1	1	2	3	2	2	1	NA	1	NA	1	NA	1
OTU_2453	888	863	858	859	884	879	868	886	917	881	874	868	896	867
OTU_2454	1	4	2	2	2	1	1	4	2	3	1	2	1	2
OTU_2455	NA	2	1	NA	NA	NA	NA	NA	1	2	1	1	2	2
OTU_2457	2	5	4	3	3	3	4	7	3	5	5	3	3	3
OTU_246	1	NA	2	2	2	NA	2	1	1	1	1	2	2	3
OTU_2462	3	2	1	2	1	3	3	4	1	2	3	1	1	1
OTU_2469	3	2	NA	2	2	3	2	1	2	2	1	NA	NA	1
OTU_247	1	NA	2	2	4	3	2	1	2	3	3	2	1	2
OTU_2473	5	NA	1	3	8	6	6	NA	NA	NA	NA	2	2	2
OTU_2475	2	1	1	1	2	2	2	1	2	NA	NA	2	2	2
OTU_2477	2	NA	2	3	3	4	3	NA	NA	NA	NA	2	2	2
OTU_2479	2	4	NA	3	4	3	3	3	3	3	4	NA	NA	NA
OTU_248	2	2	NA	2	1	NA	2	2	2	3	NA	NA	NA	NA
OTU_2487	2	NA	1	2	1	NA	2	1	1	NA	1	2	1	2
OTU_2488	2	NA	1	2	4	3	4	NA	1	2	1	2	NA	1
OTU_2489	1	NA	1	1	1	1	NA	NA	NA	NA	NA	1	1	1
OTU_249	1	1	2	NA	1	1	NA	NA	1	NA	1	2	1	2
OTU_2490	1	2	NA	NA	1	NA	1	1	2	1	2	NA	1	1
OTU_2491	155	192	213	146	157	147	161	198	185	204	185	223	228	214
OTU_2494	1	NA	1	1	1	1	NA	1	2	1	1	1	NA	1
OTU_2495	1	1	NA	1	1	1	1	2	NA	2	NA	NA	NA	NA
OTU_2497	1	NA	NA	2	2	2	1	2	1	1	2	NA	NA	NA
OTU_2498	5	2	2	10	8	6	7	2	1	1	1	2	2	3
OTU_2499	2	3	2	2	2	2	2	NA	2	2	2	1	2	NA
OTU_25	12	9	18	14	12	7	12	10	7	11	17	24	20	21
OTU_250	2	3	2	2	1	1	1	5	3	1	5	2	2	NA
OTU_2501	1	2	2	2	2	1	2	3	3	3	2	3	3	4
OTU_2502	2	5	5	5	7	6	7	6	6	6	7	6	4	7
OTU_2503	1	1	NA	2	1	1	2	1	NA	1	NA	NA	NA	NA
OTU_2504	63	71	65	67	67	77	71	67	81	64	75	65	59	63
OTU_2505	1	3	1	2	NA	2	1	4	3	3	2	1	NA	1
OTU_2506	2	2	NA	2	3	1	3	3	5	4	2	2	2	1
OTU_2508	1	6	2	1	1	2	2	5	5	6	6	2	1	NA
OTU_2509	NA	1	1	NA	NA	NA	NA	1	1	NA	1	1	1	1
OTU_251	1	2	2	1	NA	1	NA	4	4	4	5	1	2	NA
OTU_2510	6	4	3	7	6	4	5	2	6	5	3	7	5	5
OTU_2511	NA	1	1	NA	NA	NA	NA	1	1	NA	1	1	1	1
OTU_2512	2	2	4	2	2	2	2	1	2	1	2	2	2	4
OTU_2513	NA	6	5	NA	NA	NA	NA	2	4	5	2	3	5	4
OTU_2514	1	1	NA	1	1	1	1	1	2	1	NA	1	NA	NA
OTU_2515	4	NA	3	4	4	3	4	1	1	NA	NA	3	3	4
OTU_2516	2	1	3	4	4	3	2	2	2	3	3	5	5	5
OTU_2518	1	3	3	1	NA	NA	1	4	5	3	3	1	3	4
OTU_2519	1	1	2	2	2	2	NA	2	NA	1	1	1	1	2
OTU_2521	NA	1	2	NA	NA	NA	NA	1	2	1	2	1	2	2
OTU_2524	1	3	3	1	NA	1	1	1	1	4	2	2	2	2
OTU_2525	6	2	4	5	6	5	6	3	2	2	2	4	4	4
OTU_2526	1	1	4	1	2	1	1	3	2	3	1	5	7	2
OTU_2527	1	NA	2	1	NA	1	1	NA	1	1	1	2	2	2
OTU_253	2	3	1	1	2	1	1	2	1	1	NA	NA	1	1
OTU_2537	1	1	1	2	2	3	2	2	1	1	1	NA	1	1
OTU_2538	3	1	NA	4	3	3	3	1	1	2	1	NA	NA	NA
OTU_2539	1	NA	1	1	1	1	1	NA	1	1	NA	2	2	2
OTU_254	NA	4	1	NA	NA	NA	NA	3	3	2	3	1	1	1
OTU_2547	1	NA	2	1	1	1	1	NA	NA	NA	NA	1	2	2
OTU_255	NA	3	3	NA	NA	NA	NA	4	3	4	5	2	NA	2
OTU_2558	1	NA	1	1	NA	1	1	NA	NA	NA	NA	1	1	1
OTU_256	5	3	2	4	5	5	4	4	5	5	5	2	1	2
OTU_2563	2	1	NA	1	2	1	2	NA	1	1	1	NA	NA	NA
OTU_257	2	3	4	2	2	NA	2	4	5	3	6	5	5	5
OTU_2570	1	3	1	2	1	1	2	1	3	1	2	NA	NA	1
OTU_2581	1	3	NA	2	2	2	2	4	2	4	1	NA	NA	NA
OTU_2584	5	4	2	5	5	6	7	5	5	6	5	3	2	3
OTU_2585	1	4	4	1	NA	1	NA	5	3	4	6	2	5	6
OTU_2587	11	15	7	8	7	10	11	13	11	11	13	7	5	10
OTU_2594	2	NA	1	2	2	2	1	NA	NA	NA	NA	1	1	1
OTU_2595	152	193	195	160	164	165	155	186	208	206	218	204	203	195
OTU_2596	233	218	323	231	236	239	245	204	202	225	221	339	309	318
OTU_2597	124	131	138	118	122	131	126	123	133	131	107	130	140	132
OTU_2599	232	273	307	228	226	216	241	256	256	281	252	297	312	303
OTU_26	8	13	11	6	8	8	7	16	16	19	16	11	7	12
OTU_260	1	2	2	1	2	1	1	2	2	1	2	5	2	3
OTU_2600	41	48	44	38	40	39	37	45	57	45	47	44	45	46
OTU_2602	3	6	8	4	3	5	5	4	2	5	4	8	4	6
OTU_2603	49	62	71	48	48	46	48	60	57	68	66	60	60	66
OTU_2604	89	52	34	87	91	92	96	57	52	59	58	28	36	31
OTU_2605	171	93	82	171	178	180	169	84	80	82	89	85	78	81
OTU_2606	28	27	18	29	25	25	28	23	21	20	20	14	13	21
OTU_2607	18	22	11	21	18	23	22	26	24	28	23	16	11	8
OTU_2608	7	9	8	6	8	8	7	11	13	13	12	7	7	7
OTU_261	5	4	1	4	3	4	5	3	1	2	4	NA	1	1
OTU_2610	31	13	21	32	30	30	25	18	18	15	14	16	23	22
OTU_2611	31	28	48	30	31	36	34	30	25	26	28	49	48	52
OTU_2612	52	40	39	45	42	49	41	40	35	39	42	37	35	40
OTU_2613	122	64	84	117	129	132	120	69	69	73	71	78	85	89
OTU_2614	16	8	7	15	21	18	21	8	5	4	7	9	9	7
OTU_2615	23	15	22	28	23	27	24	19	20	18	16	23	21	23
OTU_2616	4	3	2	3	3	2	4	4	5	5	4	NA	1	1
OTU_2617	12	10	13	11	16	11	13	10	11	7	5	15	14	13
OTU_2618	13	14	7	11	14	8	8	20	11	18	17	9	11	9
OTU_262	1	7	1	NA	1	1	NA	5	6	4	5	NA	1	NA
OTU_2621	11	4	6	12	9	10	11	1	2	4	3	9	7	9
OTU_2622	24	24	24	29	27	27	24	23	23	21	25	24	20	27
OTU_2624	7	6	10	8	7	5	7	8	9	9	8	15	14	12
OTU_2625	29	19	6	25	27	23	27	21	18	21	19	9	6	5
OTU_2627	NA	1	NA	1	1	1	NA	2	2	1	2	NA	NA	NA
OTU_2628	1	NA	1	1	NA	NA	NA	1	1	1	1	1	1	1
OTU_2629	8	19	25	6	8	10	7	15	17	15	17	25	19	23
OTU_263	2	3	2	2	2	2	2	6	6	4	7	1	2	2
OTU_2632	6	11	10	6	6	4	4	13	12	15	9	10	11	7
OTU_2633	14	11	8	14	18	15	14	10	10	8	8	9	6	7
OTU_2634	8	11	11	8	8	9	6	13	12	11	14	9	7	7
OTU_2635	16	10	9	14	14	12	13	12	8	10	8	11	11	10
OTU_2636	17	14	17	20	21	18	19	18	14	17	14	18	18	16
OTU_2638	19	21	13	12	19	18	17	16	23	21	19	16	13	11
OTU_2639	12	6	9	8	9	8	11	8	5	6	7	9	9	9
OTU_2640	9	6	10	5	8	7	7	11	3	8	8	8	9	11
OTU_2643	1	NA	2	1	1	NA	1	NA	1	1	NA	1	NA	2
OTU_2644	2	2	5	5	4	4	5	2	2	3	2	4	6	6
OTU_2645	1	NA	1	2	2	1	2	NA	NA	NA	NA	1	2	1
OTU_2646	21	6	10	24	22	20	22	10	7	8	10	11	8	7
OTU_2647	11	10	6	11	13	10	8	8	8	12	8	8	8	6
OTU_2648	2	4	8	2	2	3	3	4	4	5	4	7	5	6
OTU_2649	27	18	8	29	24	27	27	21	28	25	20	7	8	8
OTU_2652	10	3	4	10	10	12	13	2	5	6	5	3	3	1
OTU_2653	4	11	9	4	3	3	5	11	10	11	8	6	7	6
OTU_2654	8	2	3	5	5	8	7	3	2	2	4	3	2	2
OTU_2657	4	4	6	4	4	3	4	3	6	5	5	8	8	8
OTU_2658	2	2	4	3	2	2	1	3	5	2	2	5	5	4
OTU_2659	9	12	11	12	14	10	13	17	14	14	14	15	12	16
OTU_2660	14	4	12	13	10	14	12	3	7	5	5	7	8	9
OTU_2661	1	1	2	1	1	1	NA	1	NA	NA	1	1	1	2
OTU_2662	674	712	631	679	686	677	668	701	717	714	721	640	636	632
OTU_2664	36	50	19	36	36	39	36	56	52	57	55	24	22	21
OTU_2665	12	13	5	12	15	10	15	14	14	12	9	6	8	7
OTU_2666	9	4	5	6	7	6	8	5	5	4	3	7	5	7
OTU_2667	4	3	5	6	5	5	5	4	4	5	4	3	4	3
OTU_2668	9	9	5	7	11	9	9	5	11	9	8	6	5	4
OTU_2669	5	8	5	9	8	7	9	10	6	8	8	2	5	5
OTU_267	3	3	8	4	3	3	NA	2	3	2	3	5	6	9
OTU_2671	10	8	7	7	9	7	8	6	7	4	5	8	12	8
OTU_2672	7	2	5	10	6	10	8	3	5	7	4	7	4	4
OTU_2673	3	4	7	4	1	3	2	3	3	6	1	7	7	6
OTU_2674	12	4	10	9	8	8	12	4	4	6	3	9	7	10
OTU_2675	3	2	3	3	1	2	2	4	2	2	3	6	4	6
OTU_2676	3	4	4	5	4	3	2	5	3	2	3	3	3	3
OTU_2677	4	3	NA	3	5	5	4	3	3	3	4	1	1	1
OTU_2678	2	1	1	3	2	2	3	NA	1	3	2	1	1	1
OTU_2682	NA	1	1	NA	NA	NA	NA	1	1	2	2	1	NA	1
OTU_2683	1	1	1	1	1	NA	1	NA	NA	NA	1	1	NA	2
OTU_2684	5	8	3	4	6	6	5	8	11	10	10	4	2	3
OTU_2685	7	2	1	7	7	6	4	2	1	1	NA	1	2	2
OTU_2686	1	2	NA	1	1	NA	1	1	2	1	2	1	1	1
OTU_2687	6	4	3	7	6	7	6	4	2	1	3	3	3	3
OTU_2689	NA	3	1	NA	NA	NA	NA	2	4	2	3	2	1	1
OTU_2690	4	1	NA	4	4	4	4	2	1	2	3	1	NA	1
OTU_2691	6	5	4	9	11	8	8	5	4	4	3	4	5	4
OTU_2692	5	3	12	4	3	3	5	2	NA	3	4	11	6	11
OTU_2693	5	7	4	5	2	4	6	5	7	8	7	4	2	2
OTU_2694	6	5	13	5	3	5	4	5	4	6	4	12	10	12
OTU_2695	2	1	2	3	2	3	1	1	1	1	NA	1	NA	3
OTU_2696	4	5	6	3	5	5	4	5	8	8	8	4	8	7
OTU_2697	10	3	1	9	8	8	9	4	7	3	6	1	1	NA
OTU_2698	4	1	3	5	3	4	5	2	2	2	1	3	3	2
OTU_2699	2	2	3	3	2	4	4	2	1	1	1	2	2	1
OTU_27	1	1	3	2	2	1	2	1	1	2	NA	2	2	1
OTU_270	9	9	17	12	11	13	10	9	5	5	3	18	21	22
OTU_2700	1	2	5	NA	1	1	1	5	4	5	6	5	4	3
OTU_2701	4	3	6	4	2	5	6	3	5	5	4	8	8	7
OTU_2702	NA	4	4	1	1	1	1	5	2	4	4	3	3	2
OTU_2703	213	251	208	217	208	206	211	254	255	236	260	199	194	196
OTU_2704	1	NA	2	2	2	1	2	NA	NA	NA	NA	1	1	2
OTU_2705	1	NA	NA	1	1	1	1	2	NA	1	2	1	1	1
OTU_2706	1	1	2	NA	1	1	1	3	2	NA	1	2	2	3
OTU_271	1	1	3	NA	NA	1	NA	1	NA	1	NA	2	2	3
OTU_2710	2	6	5	3	1	3	2	4	5	4	6	6	5	5
OTU_2711	8	3	2	8	5	8	9	5	7	6	4	4	2	4
OTU_2712	5	2	6	4	5	7	7	1	2	1	1	6	6	6
OTU_2713	3	2	4	3	3	3	4	2	1	NA	2	2	1	2
OTU_2714	6	2	3	6	6	7	7	NA	2	2	2	4	5	3
OTU_2715	2	5	5	2	3	2	3	3	4	5	3	6	7	6
OTU_2716	12	10	10	15	15	14	12	9	6	6	6	10	8	12
OTU_2717	6	3	5	7	6	7	7	2	1	1	2	5	6	5
OTU_2718	3	NA	3	1	1	2	1	2	1	1	3	2	2	3
OTU_2719	7	1	4	7	5	7	6	3	3	3	1	1	3	3
OTU_272	1	NA	1	1	1	1	1	NA	NA	NA	NA	1	1	1
OTU_2720	5	4	5	5	5	4	6	5	3	4	5	4	5	3
OTU_2721	8	6	6	7	8	8	7	7	4	7	5	9	6	9
OTU_2722	6	13	9	7	9	8	7	10	13	12	10	9	6	6
OTU_2723	4	2	3	3	3	3	5	3	4	1	NA	2	4	2
OTU_2724	2	NA	3	2	2	2	2	NA	1	1	NA	3	3	2
OTU_2726	1	NA	1	1	1	1	1	NA	NA	NA	NA	1	1	1
OTU_2732	4	2	2	3	3	1	3	1	NA	1	1	3	2	2
OTU_2733	2	1	6	2	2	3	3	NA	NA	1	2	6	6	5
OTU_2734	5	5	5	4	5	5	4	4	4	4	4	5	6	5
OTU_2735	5	NA	4	5	3	6	6	NA	NA	NA	NA	3	2	2
OTU_2736	4	4	1	4	5	4	4	3	1	2	1	1	NA	1
OTU_2737	1	2	6	1	1	1	1	2	3	3	2	3	5	5
OTU_2738	3	2	3	3	2	3	3	4	2	3	5	2	1	3
OTU_2739	5	4	7	6	5	7	6	4	2	3	3	4	6	4
OTU_2740	6	3	4	5	6	5	3	5	3	5	4	3	4	4
OTU_2741	3	2	1	4	3	3	2	1	2	3	1	NA	1	NA
OTU_2742	3	3	2	3	3	2	2	2	3	1	1	1	2	2
OTU_2743	NA	2	5	2	1	1	1	2	1	2	2	4	5	7
OTU_2744	3	3	2	3	3	3	3	3	1	2	2	1	2	3
OTU_2745	1	6	5	1	1	1	1	6	8	6	10	6	2	5
OTU_2746	1	4	7	1	1	1	1	4	3	3	4	8	7	6
OTU_2747	1	1	2	1	1	1	1	1	1	NA	1	2	1	2
OTU_2748	2	NA	8	4	3	3	4	2	1	NA	1	7	8	6
OTU_2749	NA	2	5	NA	NA	NA	NA	2	1	NA	1	2	5	4
OTU_2755	6	6	4	6	6	6	6	4	4	5	6	3	5	5
OTU_2760	6	3	7	7	5	9	7	3	3	4	3	5	3	7
OTU_2761	9	2	2	6	6	8	9	3	2	2	2	4	4	3
OTU_2762	3	4	6	5	3	5	5	2	6	3	3	6	6	4
OTU_2763	2546	2790	3529	2569	2527	2554	2571	2742	2730	2765	2728	3526	3572	3491
OTU_2764	8	3	6	6	8	9	9	2	NA	1	2	5	8	5
OTU_2765	5	5	1	5	3	6	4	6	4	4	3	NA	NA	NA
OTU_2766	2	3	2	NA	1	1	NA	3	1	2	1	1	1	1
OTU_2767	2	NA	2	1	3	3	2	1	NA	1	1	2	1	NA
OTU_2769	1	1	NA	1	NA	1	1	NA	1	1	1	NA	NA	NA
OTU_2770	5	6	2	5	4	5	4	6	3	6	3	2	2	2
OTU_2771	3	NA	3	2	3	3	3	1	1	NA	1	2	3	1
OTU_2772	1	2	3	2	2	1	2	NA	1	1	1	3	2	3
OTU_2773	9	NA	5	6	7	8	7	2	NA	2	1	3	6	3
OTU_2774	3	1	1	3	3	2	1	1	2	2	1	2	3	3
OTU_2775	1	1	2	NA	1	1	1	1	1	1	1	2	2	2
OTU_2776	2	NA	2	1	2	NA	NA	1	1	2	NA	3	3	2
OTU_2777	2	2	5	2	2	3	3	4	4	4	5	7	5	5
OTU_2778	1	1	NA	1	1	1	1	NA	1	NA	1	NA	NA	NA
OTU_2779	9	4	3	11	11	9	11	6	4	2	5	5	3	4
OTU_278	3	1	1	3	4	3	2	1	2	1	3	2	3	3
OTU_2780	2	1	1	3	1	2	NA	1	NA	1	1	2	2	2
OTU_2781	NA	1	2	NA	NA	NA	NA	1	1	1	1	3	3	3
OTU_2783	1	3	NA	1	NA	NA	NA	2	1	3	3	1	1	1
OTU_2784	NA	3	NA	1	1	1	1	3	1	3	2	NA	NA	NA
OTU_2785	1	3	1	NA	1	1	1	2	2	3	1	NA	1	1
OTU_2786	2	NA	4	3	3	4	3	2	1	NA	2	3	4	4
OTU_2787	6	5	3	7	8	6	7	4	3	3	2	5	2	3
OTU_2788	1	NA	2	1	1	NA	1	NA	NA	NA	NA	2	1	1
OTU_279	3	1	NA	3	4	4	3	2	1	1	2	1	1	1
OTU_2791	NA	4	2	2	2	2	2	2	2	3	3	2	1	2
OTU_2795	NA	1	NA	NA	NA	NA	NA	2	3	2	3	1	1	1
OTU_2797	2	1	2	2	2	NA	2	1	1	1	1	2	1	2
OTU_2798	3	3	3	1	2	3	2	4	2	3	4	1	2	3
OTU_2799	1	4	1	4	3	4	3	4	NA	1	5	1	1	NA
OTU_28	5	5	3	4	5	5	4	4	3	3	4	2	2	2
OTU_2803	2	1	3	2	1	1	2	NA	1	1	NA	2	2	2
OTU_2804	3	4	11	5	4	3	4	6	9	4	9	11	12	13
OTU_2806	7	2	2	6	4	6	6	1	3	3	2	1	3	3
OTU_2808	1	NA	2	1	1	1	1	NA	1	NA	NA	2	1	2
OTU_2809	1	NA	1	2	2	2	1	NA	NA	NA	NA	1	1	1
OTU_281	2	4	1	3	3	5	5	3	5	3	4	3	3	2
OTU_2810	2	1	2	2	1	2	2	3	3	1	2	2	3	3
OTU_2811	2	NA	3	1	2	1	2	NA	NA	NA	NA	3	3	4
OTU_2812	1	4	NA	NA	NA	1	1	6	3	5	3	2	2	2
OTU_2813	1	NA	3	1	1	NA	1	1	NA	1	1	2	2	2
OTU_2814	4	NA	2	3	4	4	4	NA	NA	NA	NA	1	2	2
OTU_2816	4	NA	NA	4	3	3	3	1	1	1	1	NA	NA	NA
OTU_2817	4	NA	1	2	4	4	4	NA	NA	NA	NA	1	1	1
OTU_2818	2	1	2	2	1	2	1	1	1	1	2	4	2	3
OTU_2819	1	1	NA	2	1	2	2	1	1	1	1	NA	1	2
OTU_282	3	NA	1	1	2	3	2	NA	NA	NA	NA	NA	1	1
OTU_2821	4	4	3	4	2	3	2	3	5	4	3	3	5	3
OTU_2822	1	NA	1	1	1	NA	1	NA	NA	NA	NA	2	2	2
OTU_2823	3	1	2	3	3	3	1	1	NA	1	NA	1	2	1
OTU_2824	3	1	2	1	2	3	3	NA	NA	1	NA	1	NA	2
OTU_2825	6	1	4	6	6	4	5	2	3	3	3	5	6	3
OTU_2826	NA	2	4	NA	NA	NA	NA	3	2	3	4	4	6	3
OTU_2827	1	1	NA	3	4	4	4	1	1	1	1	NA	NA	NA
OTU_2828	1	4	4	1	1	1	1	2	3	2	1	2	3	3
OTU_2829	NA	2	NA	NA	NA	NA	NA	2	3	1	2	1	1	1
OTU_283	1	1	1	1	1	1	1	1	1	NA	1	1	1	1
OTU_2831	1	1	1	1	1	1	NA	1	1	NA	1	1	1	1
OTU_2832	NA	1	1	NA	NA	NA	NA	3	3	2	2	1	1	1
OTU_2833	NA	2	3	NA	NA	NA	NA	2	4	4	4	4	4	3
OTU_2834	1	1	NA	1	1	1	1	2	1	1	2	NA	NA	NA
OTU_2835	10	8	18	12	16	14	12	9	8	7	10	14	12	17
OTU_2836	2	4	NA	1	1	2	1	4	4	3	3	1	1	1
OTU_2837	8	3	2	7	5	7	9	3	3	1	2	2	1	2
OTU_2839	1	5	5	1	1	2	1	5	6	7	6	5	5	5
OTU_284	3	NA	3	2	3	2	2	NA	NA	NA	NA	2	1	3
OTU_2840	2	3	4	3	4	2	2	4	4	1	4	3	2	4
OTU_2841	1	1	1	1	1	2	2	1	2	2	2	1	1	1
OTU_2842	2	NA	5	1	2	1	2	2	1	2	1	5	6	6
OTU_2843	2	1	1	2	2	2	2	NA	1	1	1	NA	1	1
OTU_2844	NA	NA	4	1	1	1	NA	NA	2	2	2	4	2	3
OTU_2845	NA	3	3	NA	NA	NA	NA	3	2	2	4	3	4	2
OTU_2846	1	1	4	3	3	2	3	1	1	1	1	1	2	2
OTU_2847	4	3	1	5	5	5	4	2	1	3	3	3	2	2
OTU_2848	28	31	23	30	30	28	28	28	33	30	25	20	22	21
OTU_2849	1	1	4	1	NA	1	1	1	1	NA	NA	3	3	3
OTU_285	3	3	1	2	2	3	1	5	1	1	1	1	1	1
OTU_2858	3	3	4	4	3	4	4	1	2	2	3	NA	4	1
OTU_2859	9	9	12	11	10	10	10	11	14	13	11	13	15	10
OTU_286	3	3	2	2	2	2	3	3	4	5	5	3	2	2
OTU_2865	1	1	NA	1	1	1	1	NA	1	NA	1	NA	NA	NA
OTU_2867	2	1	NA	3	3	3	3	NA	NA	1	1	NA	NA	NA
OTU_2872	7	2	5	6	5	8	5	2	1	1	1	6	4	3
OTU_2874	3	3	4	4	4	3	5	4	3	3	2	4	3	3
OTU_2877	1	1	1	2	1	2	1	NA	1	1	NA	1	1	2
OTU_2882	5	7	5	5	4	6	6	6	5	7	7	6	5	7
OTU_2884	2	2	1	2	3	3	3	1	2	2	2	2	1	2
OTU_2888	1179	1286	1128	1194	1202	1194	1209	1290	1256	1234	1271	1158	1188	1170
OTU_289	2	1	1	3	3	3	2	3	4	3	5	4	3	3
OTU_2896	1	NA	2	1	1	1	NA	NA	NA	NA	NA	2	3	1
OTU_29	10	7	3	10	8	7	8	12	11	8	8	2	3	2
OTU_290	2	NA	3	1	2	1	1	2	2	1	1	1	3	2
OTU_2900	4	7	4	4	3	3	3	5	6	4	5	4	5	5
OTU_2902	53	61	63	48	39	46	45	58	62	62	69	63	58	53
OTU_2904	323	193	124	331	335	334	335	194	184	181	183	137	140	125
OTU_2906	172	248	268	165	171	165	173	241	228	238	243	294	267	282
OTU_2909	4	1	1	3	4	3	4	NA	2	2	1	1	NA	NA
OTU_291	1	1	3	2	2	NA	2	1	1	1	2	2	2	3
OTU_2910	63	32	15	66	59	55	55	31	31	23	24	17	13	17
OTU_2911	58	65	64	69	59	59	56	78	78	69	79	61	64	62
OTU_2913	15	9	8	10	17	13	16	7	8	7	8	12	9	9
OTU_2915	249	121	100	235	235	233	236	119	108	128	117	93	93	96
OTU_2916	2	2	NA	2	2	2	2	3	5	5	5	NA	NA	NA
OTU_2917	39	34	35	39	45	34	39	35	36	39	36	36	40	37
OTU_2918	16	32	44	15	15	20	15	29	36	36	33	47	42	48
OTU_2919	1	3	1	NA	NA	NA	1	2	1	2	3	2	2	1
OTU_292	1	3	NA	1	2	1	2	2	3	3	1	NA	2	1
OTU_2920	24	47	33	25	28	30	25	55	48	38	50	33	34	34
OTU_2921	50	46	43	48	59	52	56	48	44	56	48	40	42	38
OTU_2922	33	36	41	29	35	30	31	42	42	42	45	39	34	42
OTU_2923	33	20	34	36	33	41	38	34	26	30	27	35	34	34
OTU_2924	175	95	88	172	187	170	178	97	90	86	92	76	84	83
OTU_2925	51	34	50	51	47	53	54	36	35	32	29	55	48	45
OTU_2926	4637	5349	4893	4614	4600	4596	4574	5271	5332	5329	5313	4882	4860	4863
OTU_2927	NA	2	1	1	NA	1	1	3	2	2	2	2	2	1
OTU_2928	7	5	11	12	9	12	10	5	4	5	2	10	7	9
OTU_293	1	1	1	1	2	2	1	2	3	1	2	NA	2	2
OTU_2930	21	14	13	25	24	26	19	11	13	19	13	11	13	12
OTU_2931	NA	7	2	3	3	2	2	7	6	5	4	4	3	3
OTU_2932	9	23	11	8	7	8	8	15	18	19	16	13	13	16
OTU_2935	9	13	6	7	10	9	9	13	13	10	10	6	9	10
OTU_2936	2	2	3	2	2	1	2	NA	2	3	1	4	2	4
OTU_2938	1	1	1	1	1	1	1	2	NA	1	2	1	NA	2
OTU_294	1	2	NA	1	1	1	NA	3	2	2	2	NA	NA	NA
OTU_2941	1	1	NA	1	NA	1	1	1	1	1	NA	NA	NA	NA
OTU_2942	20	32	26	17	18	21	22	31	33	31	34	32	32	27
OTU_2943	2	7	3	5	6	5	6	5	4	4	4	2	4	2
OTU_2945	11	15	8	13	11	8	12	18	19	19	19	9	8	8
OTU_2947	53	40	58	62	62	64	60	43	40	38	41	74	56	64
OTU_2948	11	11	6	8	11	10	9	11	13	10	9	2	7	5
OTU_2949	17	15	14	19	20	20	20	20	27	26	25	17	16	16
OTU_295	1	NA	3	1	NA	1	1	1	1	NA	NA	1	3	2
OTU_2951	1	2	NA	2	2	3	2	1	1	1	1	NA	NA	NA
OTU_2952	12	17	19	10	12	11	10	22	18	18	20	16	20	22
OTU_2954	12	1	NA	12	9	11	12	NA	1	1	1	NA	NA	NA
OTU_2955	6	7	7	9	4	5	7	9	9	6	6	7	9	8
OTU_2956	9	5	6	9	7	6	8	4	6	5	4	7	8	8
OTU_2957	7	2	4	6	6	7	5	1	1	1	2	5	1	4
OTU_2958	2	1	NA	2	2	2	2	2	1	2	2	NA	NA	NA
OTU_2959	16	15	10	17	14	15	15	11	9	12	13	9	11	10
OTU_296	3	3	1	3	3	2	3	2	NA	3	1	1	1	1
OTU_2960	4	3	2	4	3	1	4	2	3	3	4	2	3	4
OTU_2961	3	4	9	5	5	4	4	7	8	8	4	8	9	7
OTU_2962	21	17	16	20	19	19	20	12	18	15	18	21	22	18
OTU_2963	9	6	6	9	8	8	7	7	4	4	7	8	7	8
OTU_2964	NA	6	3	NA	NA	NA	NA	4	3	3	6	2	2	3
OTU_2966	1	4	2	1	2	1	2	2	3	4	2	NA	2	2
OTU_2967	4	3	9	3	4	2	4	3	4	4	4	8	8	7
OTU_2968	9	12	8	9	9	5	8	11	11	6	10	7	6	8
OTU_2969	6	7	2	6	6	7	6	4	11	8	7	2	2	1
OTU_297	1	3	2	2	3	2	2	2	3	3	2	2	2	2
OTU_2970	6	5	11	8	7	6	7	5	3	7	6	12	11	11
OTU_2971	8	11	6	9	7	6	9	12	8	8	10	5	4	5
OTU_2974	8	4	15	9	9	6	8	4	4	3	4	14	15	14
OTU_2975	1	1	2	2	1	2	NA	NA	1	1	NA	NA	NA	1
OTU_2976	3	1	4	4	3	3	3	3	5	NA	2	3	2	3
OTU_2977	36	19	50	38	40	38	37	20	18	21	18	52	48	43
OTU_2978	2	3	28	3	3	2	3	4	4	2	4	24	26	21
OTU_2979	4	8	8	3	3	3	2	7	9	7	7	5	10	9
OTU_298	2	1	5	2	1	1	1	3	1	1	3	2	3	2
OTU_2980	8	2	1	7	6	8	8	5	6	5	3	2	1	1
OTU_2982	14	13	20	11	9	10	10	19	13	13	14	22	17	18
OTU_2983	4	7	2	3	4	6	6	10	7	7	8	2	3	3
OTU_2984	2	1	NA	4	4	3	3	2	1	1	1	1	1	1
OTU_2985	3	7	1	5	5	4	5	6	2	6	6	NA	1	1
OTU_2986	8	11	19	9	5	10	9	11	8	9	8	16	16	18
OTU_299	2	5	NA	1	2	2	2	1	2	4	4	NA	NA	NA
OTU_2991	NA	2	3	NA	NA	NA	NA	1	1	1	2	4	2	2
OTU_2993	4	5	4	2	3	3	4	5	4	3	8	4	5	6
OTU_2994	2	2	1	2	2	1	2	1	2	1	2	NA	NA	NA
OTU_2995	5	13	18	5	6	5	5	17	13	17	17	19	13	14
OTU_2996	5	2	5	5	4	3	3	1	2	1	3	7	5	5
OTU_2997	11	3	3	7	10	11	10	1	2	NA	2	5	4	4
OTU_2998	4	NA	3	4	6	5	5	1	NA	NA	NA	3	1	3
OTU_2999	1	NA	4	1	2	2	1	1	NA	1	1	3	3	3
OTU_3	2	2	4	2	1	2	2	3	3	3	4	2	5	4
OTU_30	4	7	3	3	3	3	1	7	6	6	4	3	5	5
OTU_300	4	1	1	4	4	4	6	3	2	1	3	3	2	1
OTU_3000	1	2	5	NA	1	1	1	1	2	1	2	3	4	5
OTU_3001	1	5	17	3	3	3	3	4	6	6	3	20	18	20
OTU_3007	NA	2	1	NA	NA	NA	NA	2	1	2	1	1	1	2
OTU_3013	3	3	2	3	2	3	3	1	2	4	2	2	3	2
OTU_3014	4	3	1	3	2	3	4	4	2	4	4	1	2	2
OTU_3015	6	3	1	5	4	4	4	2	2	2	3	2	2	2
OTU_3016	6	3	1	6	6	7	5	5	1	3	4	1	1	1
OTU_3017	5	NA	3	5	3	4	5	NA	NA	1	1	2	1	1
OTU_3018	15	8	22	16	13	11	15	8	11	7	10	19	19	23
OTU_3019	2	3	NA	2	2	NA	1	1	2	2	3	1	NA	1
OTU_302	3	3	1	3	2	2	3	5	1	4	2	1	NA	NA
OTU_3020	5	5	11	5	5	7	5	8	7	6	6	12	9	10
OTU_3021	4	1	3	6	7	4	6	NA	1	1	1	2	3	2
OTU_3022	4	3	6	4	3	5	3	2	4	1	2	3	3	5
OTU_3023	5	6	5	5	6	4	6	6	3	4	6	5	3	3
OTU_3024	2	7	NA	2	2	2	1	6	5	4	4	1	NA	1
OTU_3025	2	1	2	2	4	4	2	2	2	2	1	2	2	3
OTU_3026	1	5	7	NA	1	NA	NA	7	7	6	6	5	4	7
OTU_3027	1	6	3	2	1	2	2	2	8	4	6	2	3	2
OTU_3028	2	12	7	1	NA	1	1	6	7	9	11	7	8	8
OTU_3029	5	7	10	5	5	3	3	6	6	4	2	6	5	7
OTU_303	NA	3	3	NA	NA	NA	NA	3	2	2	4	3	3	2
OTU_3035	3	6	3	3	3	3	2	7	6	9	7	4	4	2
OTU_3036	4	1	NA	3	4	3	2	1	NA	NA	1	NA	NA	NA
OTU_3037	5	1	9	4	4	4	6	2	2	1	2	9	10	11
OTU_3038	2	1	2	3	2	3	3	2	2	3	1	3	3	2
OTU_3039	1	6	1	2	2	2	1	4	4	5	5	1	1	NA
OTU_304	3	4	4	3	4	4	3	5	7	9	10	4	4	6
OTU_3041	4	NA	5	2	4	3	4	1	1	1	1	4	4	5
OTU_3042	3	1	1	3	3	2	3	2	NA	2	1	1	1	1
OTU_3043	3	1	1	2	3	4	4	3	2	2	2	1	1	1
OTU_3044	6	1	2	7	5	6	7	1	NA	1	1	1	2	2
OTU_3045	2	7	4	2	2	2	2	5	7	3	6	2	3	5
OTU_3046	2	3	1	2	2	3	3	4	4	5	2	1	1	1
OTU_3047	1	2	1	NA	1	2	2	2	1	1	1	1	1	1
OTU_3048	1	1	NA	1	1	1	1	NA	2	1	2	NA	NA	NA
OTU_3049	3	2	3	3	3	2	3	1	2	2	1	3	2	3
OTU_305	3	2	1	3	3	3	3	2	2	NA	2	1	1	2
OTU_3050	NA	3	1	NA	NA	NA	NA	4	4	6	4	1	1	1
OTU_3051	762	760	553	766	771	757	761	758	784	776	757	573	573	547
OTU_3052	1	2	10	NA	1	1	1	1	4	5	4	8	9	12
OTU_3053	1	2	2	1	1	1	1	1	3	3	3	2	1	1
OTU_3055	1	NA	1	2	2	1	2	NA	NA	NA	NA	1	1	NA
OTU_3062	1	3	2	1	1	1	1	3	1	2	2	1	1	2
OTU_3069	1	NA	5	1	1	1	1	3	3	3	1	4	6	4
OTU_307	1	1	1	1	NA	1	1	1	2	1	2	1	1	1
OTU_3070	1	NA	3	1	1	NA	1	NA	1	NA	1	1	3	3
OTU_3072	7	6	12	7	9	8	6	6	6	4	5	8	9	10
OTU_3073	16	2	7	11	10	11	11	2	4	2	2	6	7	9
OTU_3074	5	3	4	4	4	5	5	1	2	2	2	4	3	2
OTU_3075	2	2	7	3	3	2	3	NA	2	NA	1	7	6	5
OTU_3076	7	4	1	9	8	8	7	2	1	4	4	1	1	NA
OTU_3077	3	NA	3	1	1	1	2	NA	2	1	1	3	3	2
OTU_3078	3	3	3	3	3	2	3	3	4	4	3	1	3	3
OTU_3079	11	5	15	10	10	11	11	7	4	10	8	14	13	14
OTU_308	1	2	1	2	1	1	2	2	2	2	1	1	NA	1
OTU_3080	1	2	5	NA	1	1	1	3	3	1	2	4	2	4
OTU_3081	14	8	15	14	12	15	14	6	8	10	7	16	18	21
OTU_3082	3	6	4	1	4	3	4	5	2	2	6	3	3	3
OTU_3083	1	3	NA	1	1	1	NA	2	2	2	3	NA	NA	NA
OTU_3084	3	3	3	4	3	3	2	4	3	4	2	3	2	3
OTU_3085	1	6	3	1	1	NA	1	3	3	2	4	2	2	1
OTU_3086	3	3	1	1	3	2	3	3	2	1	NA	1	1	1
OTU_3087	2	1	1	3	1	3	3	NA	3	2	1	1	1	1
OTU_3088	1	3	2	1	1	1	1	3	2	4	4	3	3	3
OTU_309	1	3	1	1	1	1	1	1	1	2	2	1	NA	1
OTU_3090	1	2	2	1	NA	2	2	2	2	1	1	3	3	4
OTU_3091	1	3	NA	2	2	2	2	6	6	2	1	1	NA	NA
OTU_3092	NA	5	4	1	1	NA	1	5	4	3	5	1	3	3
OTU_3093	817	865	990	832	828	830	791	897	866	889	896	956	963	989
OTU_3094	1	1	5	3	3	2	3	2	2	2	1	4	4	1
OTU_3095	1	NA	4	1	1	1	1	NA	NA	NA	NA	2	3	5
OTU_3096	1	NA	2	1	1	NA	1	NA	NA	NA	NA	4	3	3
OTU_3098	1	2	3	NA	NA	1	NA	3	2	3	3	2	3	2
OTU_31	4	12	2	6	3	4	3	10	7	8	13	3	5	3
OTU_3107	46	85	30	45	43	46	43	89	86	77	96	33	32	37
OTU_3111	1	NA	2	NA	1	1	1	NA	NA	NA	NA	1	2	1
OTU_3115	1	NA	1	1	NA	1	1	1	1	1	NA	2	NA	2
OTU_312	1	3	3	1	1	1	1	3	3	2	4	1	3	2
OTU_3127	2	1	NA	1	2	1	NA	1	1	1	1	NA	NA	NA
OTU_3128	18	6	2	15	15	17	13	4	4	4	4	2	2	1
OTU_3129	1	1	NA	2	1	1	2	NA	1	1	NA	1	1	1
OTU_3130	5	4	2	3	3	5	3	4	4	4	4	2	1	2
OTU_3131	3	1	1	1	1	2	1	2	2	2	3	NA	NA	1
OTU_3132	3	2	2	3	3	2	3	3	3	4	1	1	2	2
OTU_3133	4	2	6	3	3	4	3	2	1	2	2	5	4	5
OTU_3134	4	NA	2	3	4	2	3	2	1	1	NA	2	2	3
OTU_3136	3	2	1	3	3	3	3	2	NA	2	1	1	1	1
OTU_3137	8	1	3	8	6	8	8	1	1	1	1	2	3	2
OTU_3138	4	2	NA	3	3	3	4	1	1	NA	2	NA	NA	NA
OTU_314	2	3	1	NA	1	2	3	4	2	3	3	1	1	NA
OTU_3140	3	1	NA	3	3	3	1	NA	1	1	1	NA	NA	NA
OTU_3141	2	1	3	1	1	1	2	NA	NA	2	1	2	2	1
OTU_3142	3	NA	NA	1	2	2	3	NA	NA	1	1	2	1	1
OTU_3143	6	3	4	6	7	5	5	3	2	2	3	4	4	3
OTU_3144	2	NA	3	1	2	2	3	2	1	NA	1	3	2	2
OTU_3146	4	NA	2	5	4	4	4	1	NA	1	1	2	3	2
OTU_3147	5	NA	4	5	5	3	4	NA	1	1	NA	4	4	3
OTU_3148	3	3	NA	2	3	2	3	3	2	3	2	NA	1	NA
OTU_3149	10	7	14	10	10	9	13	8	5	5	4	14	8	12
OTU_315	NA	1	1	NA	NA	NA	NA	2	1	2	3	NA	1	1
OTU_3150	2	4	NA	4	4	4	5	4	3	4	4	1	1	1
OTU_3151	3	1	NA	3	3	2	3	1	1	NA	1	NA	NA	NA
OTU_3152	1	1	1	1	1	1	1	2	2	2	1	1	2	2
OTU_3153	4	2	4	3	4	2	3	2	3	2	3	5	3	3
OTU_3155	NA	2	2	1	1	NA	1	2	1	2	1	2	2	3
OTU_3156	1	1	1	1	1	1	1	1	NA	1	1	2	2	1
OTU_3157	NA	4	2	NA	NA	NA	NA	4	6	5	4	3	2	2
OTU_3158	6	3	8	5	5	6	4	5	5	3	3	14	9	12
OTU_3159	2	3	5	1	2	2	2	2	3	3	1	3	6	5
OTU_3160	10	6	9	9	8	7	10	7	7	5	5	8	6	8
OTU_3161	1	4	9	1	1	2	2	4	2	6	4	10	8	9
OTU_3163	NA	3	4	NA	NA	NA	NA	2	3	3	4	2	4	2
OTU_3164	2	2	NA	2	2	1	2	2	1	2	1	NA	NA	NA
OTU_3166	1	2	NA	1	1	NA	1	2	1	2	1	NA	NA	NA
OTU_3167	NA	1	4	NA	NA	NA	NA	1	1	1	NA	4	4	5
OTU_3168	1	2	NA	NA	1	1	1	3	2	3	NA	NA	NA	NA
OTU_3169	NA	3	3	1	NA	NA	1	3	1	2	3	4	3	4
OTU_317	4	5	1	4	4	4	4	2	3	4	3	1	1	2
OTU_3170	2	6	5	2	4	4	4	6	7	4	8	5	7	6
OTU_3171	4	4	6	5	4	6	4	4	4	4	5	7	4	7
OTU_3172	2	2	1	1	1	1	2	1	1	NA	2	1	NA	NA
OTU_3173	1	1	NA	NA	1	1	1	2	1	NA	1	NA	NA	NA
OTU_3174	3	2	1	2	3	3	2	3	3	3	2	3	1	3
OTU_3175	11	4	1	11	11	11	14	3	4	2	4	1	NA	1
OTU_3176	1	1	NA	1	1	1	1	1	1	1	1	NA	NA	NA
OTU_3177	1	2	5	1	2	2	1	1	NA	1	2	5	7	6
OTU_3179	12	9	24	14	14	11	11	14	13	11	13	22	23	17
OTU_318	1	1	3	1	NA	1	1	3	2	3	2	3	3	4
OTU_3180	2	2	4	2	NA	2	2	5	3	2	6	6	3	5
OTU_3181	1	6	15	1	1	1	1	9	7	5	9	16	19	18
OTU_3183	NA	1	3	NA	NA	NA	NA	1	NA	1	1	2	2	3
OTU_3184	1	2	3	1	1	1	NA	2	1	1	1	2	3	3
OTU_3185	3	1	3	3	4	4	2	2	1	1	1	3	4	3
OTU_3186	NA	1	1	2	1	2	2	1	1	NA	1	1	2	2
OTU_3187	5	1	2	6	6	4	8	1	1	NA	1	2	2	1
OTU_3188	1	NA	3	2	NA	2	2	1	1	1	NA	NA	2	2
OTU_3189	NA	3	3	1	1	1	1	2	2	NA	1	4	2	1
OTU_319	NA	4	3	NA	NA	NA	NA	5	3	2	1	3	4	1
OTU_3190	2	NA	2	2	1	1	2	NA	NA	NA	NA	1	2	1
OTU_3192	1	NA	1	1	1	1	1	NA	NA	NA	NA	1	1	1
OTU_3194	NA	NA	1	1	2	1	2	1	1	1	NA	NA	1	1
OTU_3195	2	1	4	3	3	2	2	2	3	2	1	3	3	2
OTU_3197	2	3	5	1	2	1	2	2	2	2	NA	5	5	6
OTU_3198	1	1	NA	1	1	1	NA	2	2	1	2	NA	NA	NA
OTU_32	2	7	7	5	3	5	2	6	8	5	4	4	5	6
OTU_320	NA	NA	1	1	1	1	1	1	1	1	NA	1	NA	1
OTU_3205	1	NA	1	1	1	1	1	NA	NA	NA	NA	NA	1	1
OTU_3209	2	4	NA	2	2	2	2	3	4	3	3	1	1	2
OTU_321	1	2	3	1	1	1	NA	2	2	2	2	2	3	4
OTU_3211	NA	2	2	NA	NA	NA	NA	1	3	2	2	2	2	1
OTU_3215	2	1	NA	2	2	1	2	1	NA	1	NA	NA	NA	NA
OTU_3218	1	1	1	NA	1	NA	1	1	1	1	1	1	1	1
OTU_3224	5	1	3	5	5	2	4	NA	1	1	1	2	3	2
OTU_3227	1	2	NA	NA	1	1	NA	1	2	1	2	NA	NA	NA
OTU_323	NA	1	3	NA	NA	NA	NA	2	NA	3	3	3	3	3
OTU_3231	5	1	2	3	6	5	4	1	1	NA	2	1	1	NA
OTU_3234	1	NA	1	1	NA	NA	1	NA	3	NA	2	1	NA	1
OTU_3236	1	2	NA	2	2	2	2	2	1	2	NA	NA	NA	NA
OTU_3238	NA	1	2	NA	NA	NA	NA	1	1	1	NA	2	3	3
OTU_3252	6	8	5	7	6	6	11	4	7	11	10	5	6	4
OTU_326	NA	1	1	1	NA	1	1	NA	NA	1	NA	1	1	2
OTU_3261	44	35	44	53	47	56	50	32	35	34	31	47	47	50
OTU_3266	1	3	NA	1	1	1	NA	2	2	2	1	NA	NA	NA
OTU_3269	2	NA	NA	1	2	2	2	1	1	1	NA	NA	NA	NA
OTU_327	NA	3	3	NA	NA	NA	NA	4	2	3	2	4	2	2
OTU_3270	1	5	2	1	1	1	1	6	4	4	8	4	2	3
OTU_3276	1	1	1	1	1	1	1	1	1	1	NA	NA	1	NA
OTU_3277	2	2	1	2	1	2	2	2	3	3	2	1	1	NA
OTU_328	1	3	2	2	1	1	1	3	2	1	2	1	2	2
OTU_3281	12	11	2	13	13	10	13	11	10	8	10	3	4	4
OTU_3282	147	166	101	144	141	143	144	162	183	167	161	94	100	92
OTU_3283	6	9	4	6	3	6	7	11	10	8	12	7	8	6
OTU_3284	377	386	444	365	358	363	365	397	380	401	391	419	447	451
OTU_3285	127	131	149	123	128	124	114	135	124	122	120	141	131	138
OTU_3286	2	5	1	2	1	1	2	3	4	4	4	1	NA	1
OTU_3287	10	11	4	14	11	12	11	13	12	10	9	4	3	3
OTU_3288	10	9	5	11	12	9	8	15	14	14	15	6	9	10
OTU_329	NA	NA	2	1	2	2	2	1	1	1	NA	1	2	2
OTU_3290	28	32	47	31	33	29	28	30	30	30	34	42	47	48
OTU_3291	54	30	47	48	54	54	54	33	33	30	32	45	41	43
OTU_3292	2	2	NA	1	2	2	2	4	3	6	2	NA	NA	NA
OTU_3293	25	12	32	20	24	18	14	11	12	14	11	34	35	32
OTU_3294	29	38	40	29	27	30	29	34	34	37	37	40	34	40
OTU_3295	19	9	15	23	23	25	24	9	11	10	8	17	15	12
OTU_3296	1	2	2	2	2	2	2	1	1	2	3	2	2	1
OTU_3297	2	1	9	2	1	2	2	1	1	1	1	6	8	9
OTU_330	4	4	1	4	4	4	NA	7	5	3	5	1	1	1
OTU_3300	2	NA	1	NA	2	3	3	NA	1	1	NA	2	2	1
OTU_3301	5	9	46	5	5	5	4	7	7	8	7	52	44	46
OTU_3302	41	29	42	41	37	37	41	31	21	24	24	36	40	39
OTU_3303	8	16	22	10	9	10	11	12	14	10	11	21	19	25
OTU_3304	7	7	4	5	6	7	7	2	7	4	6	3	4	4
OTU_3305	1	NA	NA	1	2	1	2	NA	NA	NA	NA	1	1	1
OTU_3306	12	6	2	13	13	12	12	6	9	8	5	4	5	4
OTU_3307	2	NA	2	2	2	1	1	NA	NA	NA	NA	3	2	2
OTU_3308	2	1	3	2	2	NA	1	NA	NA	1	NA	4	4	2
OTU_3309	55	40	65	53	51	46	49	47	40	39	37	56	64	62
OTU_3310	19	19	19	17	16	18	14	16	13	15	17	16	17	17
OTU_3313	3	3	1	3	3	4	4	2	4	NA	4	1	1	1
OTU_3314	8	8	9	9	7	8	4	4	7	3	7	4	11	7
OTU_3315	49	53	49	50	53	49	50	58	54	59	56	47	48	47
OTU_3316	16	8	16	21	22	21	19	9	8	6	9	12	14	13
OTU_3317	2	2	1	2	2	1	2	3	3	2	4	1	2	2
OTU_3318	4	11	10	5	4	5	6	10	12	11	9	8	10	7
OTU_3321	5	6	7	6	4	7	6	7	4	4	5	5	4	4
OTU_3322	2	1	1	2	2	2	1	1	NA	1	1	NA	2	1
OTU_3323	27	16	23	26	25	23	30	17	15	15	15	27	21	21
OTU_3325	11	6	13	7	9	7	8	3	4	3	6	14	13	13
OTU_3327	NA	NA	3	1	1	1	1	NA	1	1	1	3	3	3
OTU_3328	11	5	6	8	11	9	9	4	6	5	6	6	3	5
OTU_3329	2	1	NA	2	2	1	2	1	1	1	1	2	2	1
OTU_3330	22	12	21	31	30	25	33	12	13	14	11	23	18	22
OTU_3331	2	1	1	NA	2	3	4	2	2	1	2	4	3	3
OTU_3332	1	3	1	1	2	2	2	1	4	4	3	1	2	2
OTU_3334	5	NA	3	3	5	4	4	1	1	NA	1	2	1	2
OTU_3335	3	6	3	5	4	3	3	3	3	2	5	5	3	3
OTU_3336	8	8	8	7	13	8	12	7	9	8	8	8	8	8
OTU_3337	1	5	6	4	4	3	3	5	2	5	2	5	6	5
OTU_3338	5	NA	5	5	4	4	5	2	NA	1	2	3	6	7
OTU_3341	2	1	2	2	1	2	NA	1	NA	NA	1	2	2	2
OTU_3345	1	NA	2	1	1	1	1	NA	NA	NA	NA	1	1	1
OTU_3347	1	1	NA	NA	2	2	1	1	1	1	1	NA	NA	NA
OTU_3348	5	2	1	6	4	4	4	4	2	2	3	2	3	3
OTU_3349	5	3	NA	4	6	6	5	3	4	4	1	NA	NA	NA
OTU_3350	2	2	NA	2	2	1	2	1	1	2	1	NA	NA	NA
OTU_3351	132	129	97	131	134	136	121	135	137	135	136	91	88	88
OTU_3356	10	6	12	14	10	11	10	4	5	6	5	12	9	12
OTU_3357	4	2	6	5	5	7	7	1	2	1	3	2	5	3
OTU_3358	7	NA	3	4	4	5	5	NA	NA	NA	NA	1	2	2
OTU_3360	7	2	3	4	4	6	6	1	2	3	1	3	4	2
OTU_3361	5	1	15	5	5	4	5	1	NA	2	2	13	12	9
OTU_3365	15	7	27	16	18	17	15	5	7	9	11	19	23	28
OTU_3366	15	20	14	16	14	14	16	23	24	23	20	16	13	16
OTU_3367	6	2	NA	5	6	4	6	1	1	2	2	NA	NA	NA
OTU_3368	3	3	7	4	2	5	4	2	2	3	3	5	5	5
OTU_3369	2	2	7	2	2	1	2	2	NA	2	3	6	6	6
OTU_3370	3	NA	1	3	1	3	2	NA	NA	NA	NA	2	NA	1
OTU_3371	1	2	NA	2	2	1	2	1	2	1	1	NA	NA	1
OTU_3374	2	1	NA	1	2	1	1	2	2	3	2	NA	NA	NA
OTU_3377	3	1	1	2	NA	2	3	3	3	3	NA	1	NA	1
OTU_3378	6	6	10	10	8	6	6	4	4	6	7	8	11	10
OTU_3379	2	2	4	2	1	2	2	2	1	1	1	5	4	4
OTU_3380	10	4	7	8	10	7	9	4	5	4	3	10	10	9
OTU_3381	7	NA	2	4	5	5	5	NA	NA	NA	NA	1	1	2
OTU_3382	1	2	NA	1	1	1	1	2	3	1	3	1	NA	1
OTU_3384	1	3	1	2	2	2	1	2	2	1	3	NA	1	1
OTU_3385	1	1	3	4	2	1	3	NA	NA	1	1	2	2	1
OTU_3386	3	3	3	2	3	3	4	4	4	5	5	2	4	2
OTU_3387	13	11	17	15	17	19	18	8	11	10	10	16	17	20
OTU_3388	9	5	13	7	9	10	10	7	6	8	4	12	14	12
OTU_3389	3	1	2	3	2	3	3	4	NA	3	3	4	4	2
OTU_3390	2	4	1	1	2	3	1	2	4	4	2	2	2	2
OTU_3391	1	NA	3	1	2	1	2	NA	NA	NA	NA	2	3	3
OTU_3394	1	1	1	1	1	1	1	NA	1	NA	NA	1	1	NA
OTU_3399	1	NA	2	NA	1	1	1	NA	NA	NA	NA	2	1	2
OTU_3400	25	16	18	24	24	27	22	12	10	13	16	24	24	17
OTU_3401	18	12	17	18	19	18	16	9	13	14	12	11	11	13
OTU_3402	1	NA	NA	1	1	NA	1	1	1	1	1	NA	NA	NA
OTU_3407	32	16	13	26	31	35	29	20	22	23	22	14	17	18
OTU_3410	2	NA	2	1	1	2	NA	NA	1	1	NA	1	1	1
OTU_3411	5	1	NA	6	4	5	6	NA	1	1	1	1	NA	1
OTU_3412	2	7	11	2	2	1	2	3	6	6	6	11	15	13
OTU_3413	2	1	NA	4	2	1	1	1	NA	1	1	1	1	NA
OTU_3414	6	2	3	5	6	7	4	3	3	2	3	8	9	5
OTU_3416	3	3	4	2	3	3	4	4	2	1	1	NA	4	3
OTU_3417	NA	4	2	1	1	1	1	3	4	3	5	1	1	2
OTU_3418	21	25	42	19	22	21	21	23	24	23	24	38	42	38
OTU_342	NA	1	1	NA	NA	NA	NA	1	1	NA	1	1	1	1
OTU_3420	2	5	3	2	2	2	1	4	3	5	2	3	2	2
OTU_3421	2	NA	1	3	3	2	1	1	1	1	NA	NA	1	1
OTU_3429	2	1	2	3	3	2	3	1	NA	1	1	1	1	1
OTU_3430	15	26	18	12	15	16	13	21	24	27	15	21	23	17
OTU_3434	1	NA	NA	1	2	2	2	1	1	1	NA	NA	NA	NA
OTU_3436	5	4	2	10	7	7	7	2	3	3	5	3	2	1
OTU_344	3	2	2	4	3	1	2	2	3	2	2	3	2	3
OTU_3440	2	NA	1	1	2	1	2	NA	NA	NA	NA	1	NA	1
OTU_3441	NA	2	1	NA	NA	NA	NA	2	1	2	2	1	1	1
OTU_3442	1	NA	3	1	1	1	1	NA	NA	2	2	2	3	1
OTU_3446	3	1	5	2	3	3	2	2	2	2	1	7	6	8
OTU_3464	105	148	117	107	97	106	115	134	148	151	148	125	121	116
OTU_3466	1	NA	3	1	NA	2	1	1	NA	1	1	1	3	1
OTU_3467	4	NA	NA	3	5	5	5	1	1	1	NA	NA	NA	NA
OTU_3468	2	1	NA	2	2	1	NA	1	1	1	2	NA	NA	NA
OTU_3471	1	NA	4	2	4	2	1	NA	NA	1	1	4	4	3
OTU_3472	NA	3	3	NA	NA	NA	NA	4	2	NA	2	3	3	3
OTU_3473	5	3	10	7	8	6	7	3	4	6	5	11	7	7
OTU_3474	12	14	12	13	12	12	12	15	12	15	13	13	14	13
OTU_3475	10	10	15	12	12	13	12	9	12	10	12	13	10	14
OTU_3476	3	4	5	4	4	1	3	3	4	2	5	7	8	4
OTU_3477	2	3	4	2	1	1	1	1	1	2	3	2	3	5
OTU_3478	NA	3	5	NA	NA	NA	NA	2	3	3	3	4	6	6
OTU_3479	1	3	2	NA	1	NA	NA	2	3	3	5	1	2	2
OTU_3480	4	3	4	4	4	2	4	2	3	NA	2	5	5	4
OTU_3481	4	6	4	4	4	2	4	5	5	4	6	4	3	2
OTU_35	96	115	123	95	90	95	91	128	125	126	122	114	109	120
OTU_350	4	3	4	4	3	4	2	5	4	3	3	7	5	5
OTU_353	NA	3	NA	1	1	1	1	3	3	3	4	NA	NA	NA
OTU_355	2	NA	NA	2	2	2	2	1	1	2	NA	NA	NA	NA
OTU_359	NA	4	1	2	2	2	2	1	4	2	5	2	1	2
OTU_365	3	3	4	3	3	1	3	2	3	2	3	2	2	3
OTU_367	2	4	4	2	1	2	1	3	5	4	2	4	3	2
OTU_37	7	4	4	6	5	4	6	8	5	5	8	4	3	4
OTU_371	NA	13	7	NA	NA	NA	NA	11	12	12	6	12	8	11
OTU_38	5	8	2	3	6	6	4	6	8	7	6	1	1	1
OTU_387	3	4	2	2	2	1	2	3	4	2	5	2	1	NA
OTU_388	3	3	3	3	2	3	3	6	2	6	4	3	5	3
OTU_39	1	NA	1	1	1	1	1	NA	NA	NA	NA	1	1	1
OTU_392	5	8	6	4	3	4	5	8	5	9	9	4	6	6
OTU_396	7	11	29	9	9	8	11	9	10	9	13	31	23	28
OTU_397	2	1	1	3	1	3	3	2	1	2	2	NA	1	1
OTU_398	129	168	175	123	125	132	130	161	168	163	160	190	196	178
OTU_4	6	10	2	9	8	8	7	8	9	9	10	2	4	5
OTU_401	4	2	1	2	5	4	5	2	2	2	2	1	1	1
OTU_403	1	NA	3	1	1	1	NA	2	2	2	NA	2	1	1
OTU_404	1	1	3	NA	NA	NA	NA	1	1	1	1	2	2	3
OTU_407	8	16	6	6	8	6	8	20	12	19	20	7	6	4
OTU_410	2	NA	1	3	3	3	4	NA	NA	NA	NA	1	3	3
OTU_411	32	5	4	35	32	31	36	8	7	5	7	2	3	2
OTU_413	1	1	1	1	1	1	NA	1	NA	1	1	1	1	NA
OTU_417	6	2	2	6	5	6	6	3	5	4	2	3	1	1
OTU_419	NA	2	1	NA	NA	NA	NA	2	2	2	NA	1	2	2
OTU_42	4	4	5	3	3	4	2	5	5	5	6	6	4	6
OTU_420	7	12	8	10	6	8	9	8	9	8	12	11	9	11
OTU_421	1	4	NA	1	NA	1	1	4	3	5	2	NA	NA	NA
OTU_424	1	NA	2	1	2	2	NA	NA	NA	NA	NA	2	1	1
OTU_427	NA	1	1	2	2	2	1	1	1	1	2	2	1	1
OTU_428	23	7	4	26	26	28	32	4	4	4	5	3	2	4
OTU_43	4	8	9	5	5	7	7	9	8	11	11	9	10	11
OTU_430	4	19	5	5	5	5	6	18	24	18	20	7	5	7
OTU_433	2	NA	1	2	3	3	3	NA	NA	1	NA	1	1	NA
OTU_434	1	3	2	1	NA	1	NA	6	1	4	3	1	2	1
OTU_44	4	1	2	5	4	4	4	1	2	2	2	3	4	2
OTU_443	6	17	16	5	6	4	6	14	12	13	16	17	21	16
OTU_445	4	3	1	4	4	3	5	4	3	5	4	1	1	1
OTU_448	3	6	1	2	2	3	4	9	11	6	7	3	NA	3
OTU_449	1	2	2	2	2	2	1	2	2	2	1	2	2	2
OTU_45	2	5	2	1	2	1	1	5	5	1	3	1	2	2
OTU_450	12	22	12	11	10	9	12	23	21	24	22	10	15	9
OTU_452	1	3	NA	1	NA	1	1	1	2	3	3	NA	NA	NA
OTU_457	NA	1	1	NA	NA	NA	NA	1	1	1	NA	1	1	1
OTU_46	NA	2	1	1	2	2	1	1	2	1	2	1	2	2
OTU_461	3	8	7	4	3	5	3	8	7	8	8	7	6	3
OTU_463	5	11	14	4	6	6	5	12	14	11	9	16	13	12
OTU_464	10	12	2	13	13	12	12	9	7	8	12	2	NA	1
OTU_465	4	13	4	5	4	6	7	9	13	12	12	2	5	3
OTU_466	5	6	7	7	7	6	9	9	9	11	13	6	6	6
OTU_471	12	16	10	13	15	16	10	17	12	14	21	12	8	12
OTU_472	3	4	3	2	3	3	3	5	3	2	2	3	3	3
OTU_473	6	7	3	7	7	4	6	6	6	5	6	5	3	3
OTU_474	8	10	12	7	5	5	7	10	5	10	9	10	9	11
OTU_478	4	9	5	3	4	5	2	10	8	8	6	5	5	5
OTU_479	11	13	6	12	14	13	10	13	11	7	14	7	4	5
OTU_48	2	3	2	2	1	2	1	NA	1	2	3	2	1	NA
OTU_480	8	11	7	8	8	4	10	12	14	12	14	7	6	10
OTU_481	4	4	3	4	4	4	4	5	9	5	5	5	4	3
OTU_484	2	NA	NA	3	1	3	3	2	2	NA	1	NA	NA	NA
OTU_485	3	2	9	3	3	3	3	1	NA	NA	1	6	11	9
OTU_486	11	20	9	11	10	14	10	17	15	19	25	8	8	9
OTU_487	1	4	2	NA	1	1	1	2	4	2	2	2	2	2
OTU_49	5	3	6	6	4	7	7	3	2	3	4	6	6	6
OTU_493	2	2	2	6	5	4	3	1	1	1	1	1	1	2
OTU_494	9	3	4	13	8	10	11	2	5	2	5	6	6	5
OTU_495	6	1	NA	7	7	6	6	2	1	2	2	NA	NA	NA
OTU_496	3	3	3	2	1	3	3	3	2	2	1	2	2	1
OTU_497	7	10	3	8	7	7	7	11	11	7	11	5	3	4
OTU_498	5	2	2	6	5	5	4	1	2	1	2	2	1	1
OTU_5	7	13	9	5	7	8	8	10	14	11	15	9	6	9
OTU_504	3	1	3	5	3	4	5	4	3	4	3	3	2	NA
OTU_505	3	2	NA	2	NA	2	2	NA	2	2	2	NA	NA	NA
OTU_506	8	4	6	10	10	7	12	5	10	7	7	10	9	11
OTU_507	1	5	3	3	1	3	2	5	8	9	5	3	2	2
OTU_508	4	3	NA	2	3	3	4	2	1	3	4	NA	NA	NA
OTU_509	2	5	3	2	2	1	NA	4	4	2	3	3	4	3
OTU_51	1	NA	1	NA	1	1	NA	1	1	1	NA	1	1	1
OTU_510	NA	3	1	2	1	1	2	1	2	3	2	1	1	1
OTU_511	1	NA	2	NA	1	1	1	NA	NA	NA	NA	1	2	2
OTU_514	NA	2	1	NA	NA	NA	NA	1	2	2	1	2	NA	2
OTU_52	9	9	10	12	10	13	11	8	14	10	12	9	8	9
OTU_521	5	5	4	4	5	5	2	5	7	6	6	3	4	2
OTU_522	3	4	NA	3	1	3	2	1	1	2	3	NA	NA	NA
OTU_523	7	7	9	8	11	8	9	10	9	8	10	12	13	11
OTU_524	1	2	2	1	1	1	1	3	1	4	NA	2	2	2
OTU_525	1	2	NA	1	1	1	1	2	3	1	2	2	2	2
OTU_526	2	4	4	3	2	4	5	5	5	4	3	2	3	4
OTU_527	NA	2	1	NA	NA	NA	NA	3	3	1	1	NA	1	1
OTU_53	6	4	2	6	4	5	4	3	5	7	6	NA	1	2
OTU_532	1	3	NA	1	1	1	1	1	1	2	2	1	1	1
OTU_54	3	1	1	3	3	2	2	1	3	2	3	3	1	2
OTU_541	7	3	2	6	4	7	8	4	3	2	3	1	2	2
OTU_542	7	2	1	7	5	7	4	3	2	1	2	1	NA	1
OTU_543	1	2	1	NA	1	1	1	1	NA	1	2	3	4	2
OTU_544	2	5	5	3	3	2	3	1	4	4	2	3	3	5
OTU_545	1	6	4	1	1	1	1	6	5	6	6	4	4	2
OTU_546	NA	5	1	NA	NA	NA	NA	5	5	6	5	2	2	NA
OTU_55	1	3	1	2	1	1	1	5	4	2	5	1	NA	NA
OTU_551	1	3	1	1	1	1	NA	1	3	3	3	NA	NA	1
OTU_56	2	9	1	2	3	3	3	7	5	7	7	2	1	2
OTU_560	1	NA	1	1	1	1	1	1	1	NA	1	1	1	1
OTU_562	2	NA	1	1	2	2	1	NA	NA	NA	NA	1	1	1
OTU_564	53	51	94	59	61	62	60	43	45	41	37	90	91	87
OTU_569	3	1	3	1	2	2	1	1	2	2	1	5	4	3
OTU_57	2	2	1	1	1	1	2	3	2	2	3	NA	NA	1
OTU_570	4	4	3	5	6	6	8	2	4	4	3	4	3	4
OTU_571	2	1	1	3	2	3	1	2	2	2	1	1	NA	1
OTU_572	207	277	254	200	214	209	209	273	257	262	275	261	293	289
OTU_573	8	1	1	7	7	6	4	4	3	4	5	1	2	NA
OTU_574	6	7	5	5	4	6	5	9	6	7	9	5	4	5
OTU_575	1	1	2	2	2	2	1	2	3	2	3	5	5	2
OTU_576	3	2	2	3	2	1	2	2	2	3	4	1	2	2
OTU_577	3	NA	2	4	4	3	4	1	2	3	1	4	3	4
OTU_579	1	3	1	1	2	2	2	2	3	2	3	1	NA	2
OTU_58	1	1	NA	1	1	NA	1	NA	1	1	1	1	1	NA
OTU_580	NA	1	3	1	NA	1	1	1	1	1	1	2	2	2
OTU_581	NA	4	3	1	1	NA	1	4	4	3	4	4	3	3
OTU_582	2	7	3	3	3	3	1	6	6	3	5	2	3	4
OTU_583	1	3	1	2	2	2	2	3	3	1	1	1	1	1
OTU_584	3	4	1	3	3	2	2	5	4	4	3	1	2	2
OTU_585	1	5	2	2	1	2	2	3	2	3	2	NA	2	2
OTU_586	NA	1	3	NA	NA	NA	NA	2	NA	2	1	2	2	2
OTU_587	1	1	3	2	1	2	2	1	NA	1	NA	2	1	1
OTU_588	NA	NA	3	NA	1	1	1	1	3	2	2	4	1	1
OTU_590	2	NA	1	2	2	2	2	NA	NA	NA	NA	1	NA	1
OTU_6	1	4	2	1	2	1	2	4	3	4	2	2	NA	2
OTU_600	1	NA	1	1	1	1	1	NA	NA	NA	NA	1	1	NA
OTU_622	NA	3	1	1	1	1	1	1	1	3	2	1	NA	1
OTU_624	6	5	8	5	6	5	5	8	6	7	9	7	3	6
OTU_628	1	NA	NA	1	1	1	1	NA	NA	1	1	NA	1	NA
OTU_629	2	1	1	1	2	1	2	1	1	1	NA	NA	1	NA
OTU_630	2	1	NA	2	1	2	2	1	NA	NA	1	NA	NA	NA
OTU_631	3	NA	2	3	3	4	4	1	1	1	NA	3	2	2
OTU_632	2	1	NA	2	2	2	2	1	NA	1	1	NA	NA	NA
OTU_633	1	1	NA	1	1	NA	1	1	NA	1	1	NA	NA	NA
OTU_634	2	NA	1	4	3	3	3	NA	NA	NA	NA	1	1	1
OTU_635	5	3	2	6	7	5	5	2	2	NA	3	1	NA	1
OTU_636	1	2	2	2	2	2	2	2	2	1	4	3	3	2
OTU_637	1	5	1	2	3	1	2	5	3	3	1	1	1	1
OTU_638	7	5	3	7	5	6	4	4	6	5	3	3	4	4
OTU_640	17	2	1	13	11	11	11	1	1	1	2	1	2	2
OTU_641	1	2	1	2	1	2	2	NA	2	NA	NA	NA	1	1
OTU_642	1	2	1	1	1	NA	1	NA	4	2	2	NA	1	1
OTU_645	NA	2	3	NA	NA	NA	NA	2	1	1	1	3	2	2
OTU_646	NA	2	2	1	1	1	1	1	1	1	1	1	2	2
OTU_647	4	4	4	3	4	2	2	9	6	6	6	8	9	6
OTU_649	4	10	5	3	5	3	4	6	8	5	7	5	7	6
OTU_65	4	4	2	3	3	5	3	5	3	3	4	1	1	1
OTU_650	1	6	2	1	NA	NA	1	6	8	5	7	1	2	2
OTU_651	NA	3	NA	NA	NA	NA	NA	2	3	2	2	2	2	2
OTU_652	1	5	1	3	3	2	3	5	2	5	3	1	2	2
OTU_654	NA	1	1	NA	NA	NA	NA	1	1	1	1	1	NA	1
OTU_655	NA	2	NA	1	NA	1	1	1	2	1	1	NA	NA	NA
OTU_656	NA	5	1	2	3	4	3	5	8	8	6	4	5	4
OTU_657	1	4	NA	1	1	1	2	4	3	3	3	NA	NA	NA
OTU_658	1	1	1	NA	1	1	NA	NA	1	NA	NA	1	1	1
OTU_659	NA	1	1	1	1	1	1	1	2	1	NA	1	1	NA
OTU_66	3	6	NA	3	4	4	4	3	5	3	4	1	1	1
OTU_660	3	1	NA	3	3	3	3	2	2	2	3	NA	NA	NA
OTU_661	1	2	8	1	1	NA	1	2	2	3	2	4	4	3
OTU_662	3	2	3	3	3	3	3	5	4	3	1	2	3	3
OTU_664	1	NA	3	1	1	1	1	NA	1	1	1	2	2	1
OTU_665	1	1	2	1	1	1	1	1	1	2	2	2	2	2
OTU_67	NA	1	2	NA	NA	NA	NA	1	NA	1	1	1	2	2
OTU_672	4	20	12	4	5	2	4	19	19	14	19	13	14	14
OTU_680	1	1	NA	1	NA	1	1	1	1	NA	1	NA	NA	NA
OTU_682	3	4	3	3	3	3	3	3	1	3	6	3	2	1
OTU_688	1	NA	3	NA	1	1	1	1	NA	1	1	2	3	3
OTU_692	1	NA	1	1	1	NA	1	NA	NA	1	NA	1	1	NA
OTU_695	2	1	3	2	1	2	2	NA	NA	1	1	3	3	3
OTU_7	6	2	5	7	6	7	7	2	2	3	2	6	5	2
OTU_700	4	2	3	4	3	2	2	1	1	2	NA	3	3	2
OTU_709	NA	2	3	NA	NA	NA	NA	1	1	1	2	3	2	2
OTU_725	NA	1	1	NA	NA	NA	NA	1	1	1	1	1	1	NA
OTU_730	1	1	NA	NA	1	1	NA	2	3	1	2	NA	NA	NA
OTU_735	2	2	1	1	1	2	1	2	1	2	2	1	NA	1
OTU_76	3	NA	1	1	3	1	2	NA	NA	NA	NA	1	1	NA
OTU_785	NA	1	1	NA	NA	NA	NA	1	1	2	1	2	2	2
OTU_789	4	NA	1	3	3	3	3	NA	NA	NA	NA	1	NA	1
OTU_79	2	NA	1	2	1	1	2	1	1	NA	1	NA	1	1
OTU_796	3	9	7	5	5	4	4	9	12	13	11	7	4	7
OTU_797	10	16	17	8	9	10	10	19	18	18	13	13	16	15
OTU_8	189	217	216	179	185	188	175	229	219	228	230	226	222	228
OTU_80	2	NA	2	3	2	2	1	NA	NA	NA	NA	2	2	NA
OTU_800	4	6	4	5	6	4	5	4	4	4	4	3	4	4
OTU_801	2	1	1	1	1	1	1	2	1	2	2	2	2	2
OTU_807	37	53	38	36	38	34	40	48	53	54	54	40	34	36
OTU_809	4	5	NA	2	3	1	3	5	6	5	5	1	NA	2
OTU_81	5	8	6	7	7	6	8	7	8	6	5	8	7	4
OTU_811	1	1	2	2	2	2	2	1	1	2	1	3	1	2
OTU_812	17	18	15	15	19	20	16	26	16	17	20	13	10	11
OTU_813	5	4	5	3	5	4	6	3	4	5	5	5	4	5
OTU_814	10	4	17	10	13	9	11	6	4	4	5	15	19	14
OTU_815	54	51	47	52	48	57	51	49	47	51	46	47	41	39
OTU_818	10	4	14	11	11	11	12	9	8	9	8	13	14	13
OTU_82	4	3	1	4	5	4	3	2	3	3	3	1	2	2
OTU_825	11	7	5	10	12	12	12	7	6	6	8	5	5	4
OTU_827	5	6	2	5	3	5	5	6	3	5	5	3	3	2
OTU_831	10	10	2	10	9	9	10	8	9	8	10	1	4	2
OTU_832	3	3	NA	1	3	3	3	1	2	1	3	1	1	NA
OTU_833	3	1	2	4	3	2	4	1	2	1	1	2	1	2
OTU_838	14	7	10	13	15	15	14	4	4	7	6	10	9	6
OTU_839	1	2	NA	NA	1	1	1	1	2	2	NA	NA	NA	NA
OTU_84	1	1	NA	1	1	1	1	1	NA	NA	NA	1	1	1
OTU_840	1	2	NA	2	1	2	2	1	NA	2	1	NA	NA	NA
OTU_841	3	1	2	3	2	NA	3	1	NA	NA	1	2	1	1
OTU_842	7	6	8	8	9	7	6	6	6	6	7	5	8	9
OTU_843	3	1	2	2	3	4	3	2	2	1	2	1	1	2
OTU_844	4	4	3	5	5	4	4	4	5	5	4	7	8	6
OTU_845	NA	1	1	1	1	NA	NA	NA	1	1	1	1	1	1
OTU_848	1	1	NA	1	1	1	1	1	2	2	1	NA	NA	NA
OTU_85	1	1	3	2	2	1	1	NA	NA	1	NA	3	2	2
OTU_851	2	NA	3	4	3	3	4	2	2	2	2	3	3	3
OTU_854	2	NA	2	1	1	1	2	NA	NA	NA	NA	3	2	1
OTU_858	3	5	2	3	1	2	3	6	4	3	5	1	NA	1
OTU_860	1	3	NA	1	NA	1	1	2	2	3	3	NA	NA	NA
OTU_861	3	NA	2	1	3	3	2	NA	NA	NA	NA	1	3	3
OTU_862	3	3	6	4	3	4	4	2	2	2	3	8	6	7
OTU_863	1	1	NA	2	1	2	1	1	1	NA	1	NA	NA	NA
OTU_864	2	2	2	3	3	2	2	3	3	1	3	1	3	2
OTU_865	2	3	3	2	1	1	2	3	2	2	2	3	2	2
OTU_866	1	2	2	NA	1	1	NA	2	1	2	3	1	NA	1
OTU_87	5	6	4	4	5	5	4	4	6	5	7	3	2	1
OTU_870	3	4	7	2	2	1	2	4	5	6	5	10	8	7
OTU_88	2	1	1	3	3	3	3	2	NA	1	1	1	1	NA
OTU_880	1	1	2	1	1	1	1	NA	1	NA	NA	3	3	3
OTU_881	5	1	NA	5	5	6	7	NA	NA	1	1	NA	NA	NA
OTU_886	3	3	1	1	2	2	3	6	6	7	6	3	3	3
OTU_89	1	5	1	1	1	1	1	6	5	4	4	NA	NA	2
OTU_9	76	79	63	77	73	82	85	83	90	84	88	65	58	64
OTU_90	1	3	NA	1	1	1	1	2	3	3	2	NA	NA	NA
OTU_914	8	3	7	9	7	7	8	1	2	3	1	7	6	7
OTU_918	2	2	NA	2	1	2	NA	1	2	2	1	NA	NA	NA
OTU_919	1	1	NA	3	2	2	2	3	3	4	4	3	5	3
OTU_92	1	2	1	NA	1	NA	1	2	4	NA	3	2	2	2
OTU_921	1	NA	1	1	NA	1	1	NA	NA	NA	NA	1	1	1
OTU_923	2	1	NA	2	3	1	2	2	1	2	1	NA	NA	NA
OTU_926	1	2	1	2	2	2	2	3	3	3	3	1	NA	1
OTU_927	4	NA	4	3	3	4	3	NA	NA	1	1	2	2	2
OTU_928	NA	1	2	1	1	1	1	1	1	NA	1	2	1	3
OTU_93	1	1	2	2	2	2	2	1	1	1	NA	3	3	3
OTU_930	17	27	27	18	21	20	17	23	26	24	18	29	19	27
OTU_931	7	12	12	8	10	8	13	12	8	9	12	11	9	9
OTU_933	12	3	2	13	10	12	9	4	4	2	1	3	3	4
OTU_934	10	9	4	8	12	11	11	11	11	11	9	3	3	3
OTU_935	3	3	1	4	1	3	4	4	5	5	4	2	3	2
OTU_936	1	4	2	1	2	1	2	NA	4	3	1	5	4	6
OTU_937	1	3	3	3	3	2	2	4	3	4	2	4	2	3
OTU_938	886	1009	971	873	852	867	896	1057	1076	1059	1074	986	968	994
OTU_94	2	NA	NA	2	2	1	1	1	1	1	NA	NA	NA	NA
OTU_940	12	17	12	15	15	13	15	18	15	16	14	14	13	14
OTU_941	217	210	160	220	208	215	214	207	203	208	210	151	153	149
OTU_942	3	3	1	5	5	5	5	3	2	2	1	3	4	2
OTU_943	104	130	132	108	100	95	103	132	111	119	129	136	137	141
OTU_944	42	31	34	38	39	41	39	37	44	36	42	38	35	39
OTU_945	16	22	20	16	15	18	15	25	19	23	20	21	23	25
OTU_946	4	13	3	NA	4	5	2	10	12	6	12	4	4	5
OTU_947	673	798	687	684	671	667	714	836	814	806	860	669	658	666
OTU_948	16	22	13	16	15	19	19	23	20	18	16	16	13	14
OTU_949	10	11	20	9	12	10	10	10	9	10	12	14	18	21
OTU_950	38	61	45	45	41	49	40	67	58	64	62	28	38	43
OTU_951	3	3	1	5	5	2	5	3	4	2	2	3	1	2
OTU_952	78	80	65	78	80	74	77	73	81	75	76	69	64	62
OTU_953	12	21	9	10	11	12	13	17	16	7	16	7	8	8
OTU_955	2	1	2	1	1	1	2	2	1	NA	1	2	2	1
OTU_956	8	6	9	7	7	8	8	5	6	7	7	14	14	16
OTU_958	5	4	13	6	6	5	5	8	5	8	8	8	11	10
OTU_960	5	4	9	5	2	4	5	2	1	2	3	9	8	7
OTU_961	5	1	1	5	8	7	7	1	2	2	2	1	1	1
OTU_963	3	2	5	4	2	3	4	4	2	4	4	3	5	3
OTU_964	2	1	3	2	2	2	NA	2	2	2	2	2	1	3
OTU_965	NA	1	2	NA	NA	NA	NA	1	1	NA	1	3	4	7
OTU_966	5	3	5	7	5	5	4	2	1	1	2	5	3	4
OTU_967	4	2	2	4	5	5	4	1	4	3	4	3	2	2
OTU_968	1	1	2	1	1	1	1	1	1	1	2	2	2	NA
OTU_969	NA	2	1	1	1	NA	NA	3	2	1	NA	NA	1	1
OTU_970	1	1	1	1	1	1	NA	NA	1	1	1	1	2	1
OTU_973	7	1	4	5	5	6	7	3	2	3	1	4	3	3
OTU_974	5	3	5	1	4	4	5	6	4	6	2	5	5	6
OTU_979	2	NA	1	NA	2	2	NA	1	1	NA	1	1	NA	NA
OTU_980	4	4	5	3	3	5	3	3	3	2	1	4	4	5
OTU_981	3	3	3	2	3	1	3	2	2	1	3	4	3	3
OTU_982	6	2	2	5	8	6	5	6	3	2	5	2	1	2
OTU_983	1	4	NA	2	2	1	3	4	3	2	4	3	2	2
OTU_984	3	3	2	2	3	3	3	3	1	NA	2	2	2	NA
OTU_985	1	NA	NA	1	1	1	1	NA	NA	NA	NA	1	1	1
OTU_986	1	3	NA	NA	1	1	1	4	3	4	1	NA	NA	NA
OTU_987	1	6	5	3	4	3	3	6	4	4	6	6	4	5
OTU_988	1	1	NA	1	1	1	1	1	1	1	1	NA	NA	NA
OTU_989	2	3	8	2	2	1	2	1	5	1	2	8	7	7
OTU_991	2	NA	2	2	2	2	1	2	2	1	1	3	2	2
OTU_993	1	NA	2	1	2	NA	2	NA	NA	NA	NA	2	2	1
OTU_997	2	1	NA	1	1	2	2	2	1	2	NA	NA	NA	NA
OTU_999	1	1	1	1	1	2	2	3	2	NA	1	2	2	1
