OTU_10	23	NA	51	72	54	58	72	45	42	79	38	69	47	45
OTU_1000	NA	3	NA	1	NA	NA	3	1	1	NA	2	2	1	1
OTU_1002	65	37	64	65	41	238	94	92	24	49	131	67	35	66
OTU_1003	14	55	47	38	35	47	41	47	53	52	69	72	56	43
OTU_1004	108	146	98	65	67	62	124	123	111	18	75	73	39	89
OTU_1008	1	2	3	3	2	1	2	4	3	2	4	3	1	1
OTU_101	1	1	NA	2	NA	NA	1	1	2	NA	NA	1	NA	1
OTU_1010	268	191	221	206	181	309	188	293	156	109	337	150	116	206
OTU_1011	33	26	40	31	32	55	34	47	38	38	62	27	28	48
OTU_1012	75	67	64	72	60	79	75	70	30	51	75	52	35	81
OTU_1013	3	4	5	5	3	9	6	8	NA	5	6	4	NA	7
OTU_1014	50	48	78	35	36	82	47	59	49	26	60	37	20	65
OTU_1015	160	133	117	109	107	165	134	90	82	69	138	128	83	127
OTU_1016	31	153	91	93	91	84	92	118	118	89	166	122	131	75
OTU_1017	23	16	25	25	24	33	19	15	14	28	32	30	22	31
OTU_1018	35	29	34	47	25	30	43	38	28	52	35	25	51	49
OTU_1019	76	62	77	75	44	83	61	61	41	41	79	30	37	102
OTU_1020	5	14	7	7	4	10	8	7	22	2	8	3	8	13
OTU_1021	92	73	66	73	56	84	78	68	68	42	98	33	52	93
OTU_1022	47	129	93	96	119	108	134	110	73	112	126	153	82	69
OTU_1023	47	45	34	51	44	67	71	40	27	32	69	23	12	45
OTU_1024	32	22	35	29	26	33	24	19	13	22	53	23	22	41
OTU_1025	40	43	56	59	56	62	62	42	40	76	75	43	56	76
OTU_1027	24	32	14	37	20	26	39	24	22	62	40	47	28	27
OTU_1028	2	NA	2	2	1	NA	NA	3	1	2	3	4	NA	4
OTU_1030	68	49	60	20	25	24	30	55	47	3	19	26	34	50
OTU_1031	10	16	7	15	9	14	13	10	11	26	25	14	28	20
OTU_1032	19	14	21	11	8	11	13	18	15	10	25	13	10	17
OTU_1033	43	56	35	31	39	23	57	42	63	8	29	36	22	34
OTU_1035	3	7	6	8	8	7	9	4	3	13	4	10	10	11
OTU_1036	8	7	6	11	9	9	8	9	2	12	13	8	12	19
OTU_1038	35	23	32	22	26	62	35	28	20	27	30	25	10	32
OTU_1039	NA	1	3	1	NA	NA	NA	2	4	NA	3	3	2	1
OTU_104	1	4	2	2	3	NA	3	4	1	NA	3	NA	NA	NA
OTU_1040	15	16	15	21	25	14	24	20	15	31	34	25	15	22
OTU_1041	14	17	4	38	24	17	16	22	2	8	19	6	7	2
OTU_1042	34	25	27	12	18	18	16	24	28	2	18	16	26	19
OTU_1043	6	4	5	12	4	8	6	6	5	8	4	16	7	10
OTU_1044	6	3	NA	4	3	8	4	2	NA	NA	1	1	4	6
OTU_1045	35	13	26	28	19	23	31	34	20	12	21	15	12	33
OTU_1046	19	4	11	11	13	27	7	15	13	12	15	15	12	16
OTU_1048	9	8	12	11	13	20	17	16	17	9	31	8	4	27
OTU_1049	62	36	40	23	44	16	47	37	58	NA	31	12	16	39
OTU_105	NA	1	6	1	2	2	2	3	1	3	3	1	6	3
OTU_1050	3	7	1	4	NA	6	11	5	1	1	8	2	5	1
OTU_1051	1	1	1	NA	2	5	3	2	1	NA	2	3	NA	2
OTU_1052	56	37	34	20	40	19	49	39	49	5	17	18	17	49
OTU_1056	10	2	6	10	3	3	6	4	2	6	6	4	5	12
OTU_1057	27	18	28	7	21	5	19	23	36	2	11	6	12	31
OTU_1058	4	5	1	6	9	1	7	3	5	4	3	2	7	8
OTU_1059	4	2	6	NA	1	2	3	2	3	NA	NA	NA	2	3
OTU_106	NA	2	2	1	6	2	2	2	NA	NA	3	1	2	1
OTU_1060	9	4	2	6	6	6	5	1	1	9	7	8	3	2
OTU_1061	6	4	1	4	1	5	3	4	4	4	5	5	4	3
OTU_1062	9	29	10	7	10	17	26	22	30	6	14	26	13	14
OTU_1064	1	NA	1	NA	1	NA	1	NA	1	NA	NA	4	1	1
OTU_1065	4	2	9	4	5	11	6	5	2	8	9	5	2	9
OTU_1066	16	5	11	2	4	12	13	9	5	4	12	4	8	7
OTU_1067	3	2	1	2	NA	1	NA	NA	NA	2	1	1	NA	NA
OTU_1068	11	5	5	3	1	8	5	3	1	11	3	6	4	13
OTU_1069	9	4	8	4	4	11	14	3	4	3	8	1	NA	8
OTU_107	2	2	2	NA	1	NA	NA	1	2	NA	NA	1	NA	3
OTU_1070	4	6	13	5	3	6	1	7	13	9	8	3	3	6
OTU_1072	5	8	9	6	5	3	13	8	10	16	8	4	1	10
OTU_1073	33	43	25	15	33	15	32	48	47	1	13	14	15	38
OTU_1074	4	2	NA	3	2	1	NA	NA	1	1	NA	2	2	2
OTU_1075	4	4	6	NA	3	8	9	5	3	NA	3	1	3	6
OTU_1078	3	4	4	6	2	5	5	3	2	3	9	2	1	2
OTU_1079	14	36	17	8	23	8	25	13	32	4	10	9	11	22
OTU_1080	9	12	16	10	4	11	10	15	11	9	9	5	6	6
OTU_1081	2	NA	2	2	2	5	1	1	NA	1	1	NA	1	4
OTU_1082	8	4	7	3	5	11	4	5	6	3	6	7	5	4
OTU_1085	3	1	3	2	1	9	3	2	2	2	3	3	6	1
OTU_1086	4	9	4	2	5	8	2	3	6	1	3	5	7	3
OTU_1088	2	2	3	5	6	7	5	8	2	6	8	10	5	6
OTU_1089	3	2	2	1	2	3	2	1	NA	6	NA	1	6	3
OTU_109	1	1	2	3	NA	1	2	3	1	NA	1	1	NA	5
OTU_1090	1	2	NA	2	NA	1	NA	NA	1	NA	3	NA	1	1
OTU_1091	5	2	6	5	1	6	8	7	5	2	9	2	3	9
OTU_1092	9	4	7	5	2	5	3	5	3	NA	2	2	1	3
OTU_1094	1	3	NA	6	4	4	2	4	1	1	1	1	NA	1
OTU_1099	8	3	7	7	5	6	8	8	3	4	4	2	NA	5
OTU_11	35	132	77	80	86	135	92	130	148	23	141	41	41	111
OTU_1102	2	1	2	NA	2	1	2	NA	1	NA	2	1	NA	6
OTU_1103	6	7	2	4	6	5	8	6	17	NA	7	4	1	4
OTU_1104	2	NA	2	3	4	5	2	2	2	NA	1	NA	1	4
OTU_1105	9	5	3	7	5	1	3	7	4	2	2	2	2	4
OTU_1106	6	13	6	4	4	2	8	3	4	NA	6	2	3	10
OTU_1108	24	17	9	8	13	8	9	9	11	1	6	4	4	13
OTU_1110	7	6	6	5	3	1	5	6	16	1	8	4	7	2
OTU_1111	NA	NA	2	3	2	2	NA	1	1	1	2	2	2	2
OTU_1113	1	2	4	4	4	2	5	3	2	NA	3	2	NA	7
OTU_1114	9	5	6	4	8	2	9	9	5	1	4	4	2	10
OTU_1117	24	18	12	9	11	2	17	11	13	NA	8	14	5	17
OTU_1118	7	7	5	2	1	2	4	3	6	1	5	3	3	1
OTU_112	5	2	1	3	1	NA	4	6	3	1	1	4	2	1
OTU_1120	1	1	1	1	NA	3	2	4	2	NA	NA	3	1	1
OTU_1121	5	8	2	1	4	5	3	4	2	NA	1	1	NA	3
OTU_1122	5	3	6	4	2	10	4	5	9	1	5	8	10	6
OTU_1123	NA	3	2	1	NA	2	1	7	1	NA	NA	NA	3	NA
OTU_1127	2	2	NA	1	NA	2	3	2	NA	1	NA	NA	1	1
OTU_1128	6	5	3	2	3	NA	4	1	NA	1	1	1	2	2
OTU_1130	2	NA	1	3	2	1	2	2	NA	2	2	3	1	NA
OTU_1131	NA	4	1	1	1	1	3	2	2	NA	NA	2	NA	1
OTU_1134	1	NA	1	2	8	1	2	2	NA	1	2	1	4	NA
OTU_1135	6	3	2	1	3	NA	3	NA	1	2	5	2	3	2
OTU_1136	18	5	10	5	8	3	14	6	3	2	12	5	6	11
OTU_1137	3	4	3	2	3	2	2	8	6	NA	2	5	3	2
OTU_1138	1	NA	2	NA	1	4	1	NA	NA	4	1	NA	1	NA
OTU_1139	2	1	1	NA	1	NA	1	1	NA	3	3	1	NA	NA
OTU_1140	5	5	3	NA	1	NA	5	6	2	NA	5	1	3	3
OTU_1145	1	1	NA	1	1	1	2	1	NA	1	1	NA	1	2
OTU_1146	1	2	1	2	2	2	2	3	6	NA	NA	3	1	2
OTU_1148	NA	NA	2	NA	2	1	1	NA	1	NA	1	2	5	NA
OTU_1149	2	2	2	2	NA	2	5	2	1	13	2	2	8	1
OTU_1151	8	9	5	5	9	3	8	9	6	NA	6	2	2	12
OTU_1152	1	2	1	NA	1	2	1	NA	NA	NA	NA	1	NA	3
OTU_1154	5	1	NA	1	NA	2	1	5	1	1	NA	1	1	3
OTU_1155	6	5	8	13	7	13	13	10	7	6	20	2	3	13
OTU_1157	4	3	4	2	6	3	12	11	5	1	4	3	3	4
OTU_1161	5	2	3	3	2	1	3	NA	3	3	1	1	1	3
OTU_1162	1	1	NA	1	1	1	7	1	3	3	NA	1	3	2
OTU_1163	4	4	4	3	6	2	3	1	3	NA	NA	3	1	1
OTU_1164	1	1	3	5	NA	3	NA	2	2	2	4	1	2	3
OTU_1165	7	3	7	6	3	10	5	15	1	1	7	4	2	5
OTU_1166	1	2	1	NA	1	3	NA	1	NA	NA	1	NA	NA	3
OTU_1170	7	4	1	5	1	3	10	5	5	NA	5	4	2	4
OTU_1173	1	NA	NA	1	1	2	NA	1	1	NA	NA	NA	1	1
OTU_1174	8	5	3	5	11	1	2	7	3	1	3	4	4	3
OTU_1178	10	7	2	3	7	1	12	4	3	NA	4	2	3	12
OTU_1180	14	4	3	5	3	6	5	2	7	1	4	5	1	10
OTU_1181	2	2	3	1	2	2	NA	2	NA	NA	NA	NA	NA	3
OTU_1182	NA	2	NA	NA	1	NA	NA	1	1	1	2	2	2	2
OTU_1183	6	3	2	2	3	2	5	NA	2	1	3	3	NA	1
OTU_1184	7	11	19	11	9	12	17	18	13	18	13	11	9	20
OTU_1187	7	10	5	2	NA	1	3	5	3	2	5	9	1	10
OTU_1189	10	4	1	NA	4	2	4	7	7	NA	5	1	2	6
OTU_1190	2	8	5	2	2	2	5	6	6	NA	5	2	NA	7
OTU_1191	1	2	6	NA	1	2	1	2	5	3	4	8	2	5
OTU_1192	11	1	7	5	3	7	5	4	3	1	1	2	NA	5
OTU_1193	8	11	8	3	10	4	6	5	8	1	3	5	6	3
OTU_1194	6	14	7	4	8	4	8	8	19	NA	10	12	4	12
OTU_1195	1	3	4	3	NA	3	6	6	8	NA	1	1	2	3
OTU_1196	1	4	6	1	5	5	8	6	8	NA	3	2	3	7
OTU_1197	332	635	488	603	490	703	666	662	377	869	743	666	409	444
OTU_1198	2	NA	NA	1	3	1	4	3	6	NA	2	NA	NA	1
OTU_1199	5	4	8	3	6	2	5	4	10	1	4	3	2	10
OTU_12	19	31	50	39	32	55	58	58	35	4	61	15	3	29
OTU_1204	2	4	2	5	3	2	10	2	2	2	5	3	1	8
OTU_1205	6	6	6	2	5	NA	6	3	5	1	6	3	2	2
OTU_1208	2	1	NA	1	NA	1	1	2	NA	NA	1	1	2	1
OTU_1209	17	14	11	10	16	11	11	13	14	5	9	4	7	19
OTU_1210	2	NA	1	1	1	1	NA	2	1	NA	3	2	2	1
OTU_1211	4	1	6	5	3	8	2	4	4	NA	3	2	NA	2
OTU_1212	3	4	1	1	3	2	6	5	8	2	2	1	1	5
OTU_1213	4	4	1	2	2	6	1	1	3	NA	NA	2	5	2
OTU_1219	5	2	NA	1	4	NA	5	1	1	NA	2	NA	2	3
OTU_122	NA	1	1	1	1	1	NA	3	2	2	NA	2	3	1
OTU_1221	5	5	2	NA	8	2	5	NA	2	NA	1	5	2	2
OTU_1222	3	5	4	3	2	2	1	5	1	1	1	1	3	5
OTU_1224	7	2	4	3	2	3	4	4	1	NA	1	NA	NA	5
OTU_1225	2	3	2	1	1	2	3	NA	2	NA	9	1	1	2
OTU_1226	3	3	NA	3	5	2	2	2	2	NA	1	2	2	5
OTU_1227	8	5	6	3	6	7	8	7	2	NA	3	6	5	12
OTU_1228	4	4	2	5	6	1	3	3	2	2	2	NA	NA	5
OTU_1229	1	5	4	2	4	3	2	4	2	NA	2	3	3	5
OTU_123	2	2	NA	3	NA	1	1	NA	3	1	NA	NA	1	2
OTU_1230	1	NA	1	2	1	NA	2	NA	NA	2	NA	1	1	2
OTU_1231	2	6	4	3	6	3	10	2	8	NA	7	5	5	6
OTU_1232	4	4	3	2	1	2	3	4	2	1	2	2	1	3
OTU_1233	1	1	1	NA	1	1	NA	1	NA	NA	NA	2	NA	3
OTU_1239	10	3	5	6	3	2	3	3	2	3	5	2	NA	NA
OTU_1240	7	NA	3	1	2	5	2	1	NA	NA	NA	NA	NA	2
OTU_1242	1	NA	NA	1	1	2	NA	NA	1	1	1	NA	NA	1
OTU_1243	6	3	2	5	2	1	6	1	4	1	3	1	1	3
OTU_1244	4	2	1	2	NA	NA	2	1	6	NA	4	NA	NA	6
OTU_1245	5	2	2	1	4	NA	3	NA	6	NA	1	3	NA	2
OTU_1246	13	6	10	4	8	6	12	9	6	NA	6	4	4	7
OTU_1247	12	6	2	4	5	12	8	9	NA	1	5	3	2	3
OTU_1248	2	3	NA	5	4	1	6	2	2	1	1	1	2	1
OTU_1249	1	2	4	NA	2	NA	2	1	NA	NA	3	1	3	1
OTU_1250	6	3	2	3	3	6	2	6	11	NA	1	3	5	4
OTU_1251	2	7	8	2	3	2	1	4	3	1	2	3	NA	2
OTU_1252	NA	7	3	1	NA	1	1	2	1	NA	2	2	3	2
OTU_1253	5	8	7	2	2	2	6	4	NA	NA	2	3	NA	4
OTU_1254	1	2	2	1	2	NA	2	2	2	NA	1	1	1	4
OTU_1255	1	2	3	1	4	3	5	4	3	1	4	1	NA	4
OTU_1256	3	3	2	3	2	1	3	1	2	1	NA	2	NA	1
OTU_1257	4	1	5	1	4	1	1	5	2	NA	1	3	5	3
OTU_1258	11	8	9	11	10	2	7	11	12	1	5	8	4	11
OTU_1259	4	1	NA	1	NA	1	1	1	3	1	3	1	1	8
OTU_1260	10	3	4	2	4	5	11	9	3	NA	6	2	NA	4
OTU_1261	4	6	4	1	2	NA	8	6	10	NA	1	4	2	4
OTU_1262	6	2	3	1	1	2	6	4	2	NA	3	NA	1	3
OTU_1263	NA	1	1	NA	NA	1	1	1	NA	NA	1	1	NA	1
OTU_1267	13	9	6	9	3	18	11	7	3	4	15	10	7	5
OTU_127	2	3	5	NA	NA	1	3	2	6	1	2	1	2	2
OTU_1275	4	2	1	1	NA	NA	4	1	NA	NA	NA	1	NA	4
OTU_1279	1	1	1	1	NA	NA	NA	1	1	2	1	1	NA	2
OTU_1280	2	2	NA	1	1	1	1	5	1	NA	1	1	2	1
OTU_1281	9	2	NA	2	1	2	2	1	1	NA	3	2	1	3
OTU_1283	5	9	3	3	1	1	9	2	2	NA	2	1	NA	7
OTU_1284	3	8	9	NA	4	NA	2	4	11	NA	6	4	8	4
OTU_1285	1	2	4	1	1	NA	2	NA	3	NA	NA	2	2	1
OTU_1286	5	4	3	NA	1	1	6	5	1	NA	NA	4	2	4
OTU_1287	5	2	1	1	2	1	2	2	1	1	1	2	1	NA
OTU_1289	1	1	1	2	1	NA	3	NA	2	NA	2	2	1	3
OTU_129	3	1	7	NA	1	2	2	3	2	NA	2	2	3	3
OTU_1290	5	2	4	3	4	2	2	4	2	NA	2	NA	1	3
OTU_1292	7	3	2	2	1	4	2	3	1	NA	1	3	7	6
OTU_1293	7	2	NA	2	2	NA	6	3	1	NA	NA	3	1	2
OTU_1294	6	2	1	1	3	4	8	6	2	NA	4	2	1	6
OTU_1296	2	1	1	1	NA	NA	4	2	1	NA	NA	NA	NA	1
OTU_1297	4	2	1	NA	NA	2	1	1	1	1	NA	NA	NA	1
OTU_1298	1	6	3	NA	1	2	2	2	1	NA	1	1	1	NA
OTU_13	13	42	31	26	25	33	27	51	38	7	48	10	7	29
OTU_130	57	119	236	68	98	95	46	141	185	80	115	161	119	67
OTU_1300	4	10	5	1	3	3	6	2	1	1	4	8	5	3
OTU_1301	2	6	3	5	7	5	9	4	7	1	2	4	1	1
OTU_1302	1	1	NA	1	1	3	2	NA	5	NA	NA	1	NA	1
OTU_1303	6	6	3	4	1	2	4	5	3	NA	NA	1	1	3
OTU_1304	3	12	2	NA	5	1	7	6	5	NA	4	NA	2	4
OTU_1305	3	5	5	5	1	1	3	1	1	NA	2	1	NA	6
OTU_1306	3	8	6	3	5	4	5	10	5	NA	6	3	2	4
OTU_1307	1	2	1	2	NA	1	5	5	4	NA	1	NA	2	2
OTU_1308	1	3	2	1	3	NA	3	2	NA	NA	2	3	2	3
OTU_1309	1	1	1	2	2	1	4	3	NA	1	2	NA	NA	1
OTU_131	12	13	7	16	16	13	5	12	4	43	7	9	29	8
OTU_1310	2	1	6	1	1	4	1	2	3	NA	2	NA	NA	1
OTU_1317	1	2	NA	NA	2	NA	1	1	4	1	NA	2	1	NA
OTU_132	62	4	54	12	30	62	13	18	40	1	2	9	2	45
OTU_1322	1	NA	NA	1	NA	NA	NA	2	1	NA	3	4	1	1
OTU_133	4	1	1	1	2	2	2	2	NA	1	1	2	3	1
OTU_1331	4	3	1	4	2	5	1	5	4	1	2	2	1	5
OTU_1333	3	1	NA	1	NA	3	1	1	NA	NA	1	1	NA	3
OTU_1334	8	NA	1	NA	2	1	1	1	2	NA	2	NA	1	NA
OTU_1335	4	3	5	1	NA	1	4	1	NA	NA	2	1	NA	2
OTU_1336	2	1	1	2	2	NA	2	3	3	NA	2	NA	2	1
OTU_1337	7	11	6	1	3	3	5	3	6	2	2	9	7	3
OTU_1338	5	5	NA	1	1	2	6	1	1	NA	3	2	1	2
OTU_1339	5	3	2	1	1	1	3	2	5	NA	NA	NA	NA	3
OTU_134	NA	NA	1	2	2	1	1	2	1	4	2	1	NA	NA
OTU_1340	7	1	7	5	2	3	6	8	7	NA	3	NA	NA	6
OTU_1342	9	2	4	4	1	4	1	NA	1	3	NA	2	3	3
OTU_1343	1	2	2	NA	2	3	2	1	1	NA	3	3	1	2
OTU_1344	6	1	NA	1	NA	4	3	1	1	NA	3	5	NA	2
OTU_1345	4	NA	4	1	1	1	3	NA	1	NA	4	5	1	3
OTU_1346	3	1	1	NA	2	1	2	NA	1	1	3	2	1	2
OTU_1348	3	5	4	4	2	1	2	2	NA	1	1	1	1	4
OTU_1349	1	4	3	3	5	NA	6	2	2	NA	4	4	1	5
OTU_135	7	6	7	9	8	11	5	7	16	5	19	4	3	12
OTU_1351	9	7	6	2	4	5	10	8	2	NA	2	4	2	16
OTU_1352	5	10	4	1	4	2	6	4	3	2	2	3	2	5
OTU_1354	1	2	2	2	1	NA	2	1	NA	NA	1	1	NA	1
OTU_1357	NA	2	2	NA	1	NA	1	NA	1	NA	1	1	NA	1
OTU_1358	3	9	2	5	7	3	7	5	2	NA	3	3	2	7
OTU_136	5	9	17	7	17	38	11	13	4	5	17	8	10	9
OTU_1361	NA	NA	1	1	2	NA	1	1	1	1	NA	1	NA	NA
OTU_1362	3	1	NA	NA	1	1	2	3	1	NA	1	NA	NA	NA
OTU_1364	2	1	NA	3	3	2	1	2	NA	NA	2	1	NA	1
OTU_1366	NA	3	2	NA	3	NA	2	2	2	NA	2	1	NA	1
OTU_137	8	5	11	4	14	9	7	4	4	6	7	3	3	7
OTU_138	8	5	15	12	12	13	9	9	10	8	8	4	4	11
OTU_1380	2	2	4	2	1	1	6	3	2	NA	1	2	3	5
OTU_1382	3	2	NA	2	1	NA	NA	1	2	NA	2	NA	2	1
OTU_1383	1	2	2	1	1	1	NA	NA	NA	1	NA	NA	NA	4
OTU_1385	1	3	2	5	1	NA	1	NA	NA	NA	2	2	1	1
OTU_1387	1	1	NA	2	1	NA	NA	1	NA	NA	2	1	1	NA
OTU_1388	4	2	2	1	2	2	1	3	NA	NA	NA	1	1	3
OTU_139	16	12	34	21	6	16	20	19	13	5	31	21	8	12
OTU_1391	1	NA	1	NA	1	NA	1	1	NA	NA	3	1	NA	1
OTU_1398	1	NA	1	1	1	NA	1	1	NA	NA	NA	1	NA	6
OTU_1400	3	1	1	1	3	1	4	2	1	NA	NA	2	1	1
OTU_1402	4	3	2	1	2	2	1	3	1	NA	2	1	1	3
OTU_1404	4	3	3	1	2	1	1	2	NA	3	NA	2	1	4
OTU_1408	7	1	1	1	2	1	5	5	3	NA	NA	1	1	NA
OTU_141	8	3	7	2	7	7	2	3	12	15	11	6	60	1
OTU_1412	2	3	3	NA	1	1	2	2	1	NA	1	3	2	3
OTU_1414	3	5	1	1	1	3	3	1	NA	NA	1	3	4	1
OTU_1415	6	1	1	4	NA	NA	1	1	NA	NA	NA	2	NA	1
OTU_1416	1	1	1	1	1	NA	1	2	NA	NA	3	3	1	2
OTU_1417	1	2	NA	1	1	1	3	3	3	NA	NA	1	1	2
OTU_1418	8	2	4	1	2	1	5	1	1	NA	1	3	2	2
OTU_1419	1	NA	3	1	1	1	4	1	1	NA	1	NA	NA	2
OTU_142	3	2	2	2	4	2	2	2	NA	1	NA	NA	2	2
OTU_1420	5	1	3	3	4	3	8	2	1	NA	1	3	2	5
OTU_1422	3	4	1	NA	2	3	3	3	2	NA	NA	1	1	NA
OTU_1423	1	1	1	NA	NA	1	2	1	NA	NA	1	1	NA	1
OTU_1424	2	1	NA	NA	NA	NA	2	2	NA	NA	1	3	2	3
OTU_1425	4	1	1	2	1	1	1	3	2	1	2	2	NA	1
OTU_1426	2	3	2	NA	1	NA	NA	1	3	1	NA	NA	NA	2
OTU_1427	2	1	NA	2	NA	1	NA	1	1	NA	NA	2	NA	4
OTU_1428	3	3	5	2	NA	1	1	NA	NA	NA	NA	2	1	3
OTU_1429	4	NA	2	1	2	1	1	1	1	NA	2	1	NA	4
OTU_143	117	85	37	82	71	67	68	53	33	34	46	14	51	54
OTU_1431	2	1	6	NA	4	NA	2	3	6	NA	NA	NA	1	2
OTU_1432	1	2	4	3	1	NA	1	NA	1	2	4	NA	NA	4
OTU_1433	1	2	1	2	NA	2	NA	3	3	NA	2	NA	NA	NA
OTU_1435	1	6	6	2	5	1	3	NA	5	NA	2	2	3	4
OTU_1436	NA	1	2	NA	1	NA	1	2	1	NA	NA	NA	1	2
OTU_1438	NA	3	2	1	1	1	3	2	4	1	2	NA	NA	1
OTU_1439	2	5	2	NA	1	3	5	2	2	1	3	5	NA	2
OTU_144	15	14	15	10	24	35	12	23	8	14	33	21	16	16
OTU_1440	1	2	NA	NA	NA	NA	1	2	1	NA	2	2	1	NA
OTU_1441	3	2	1	1	3	1	2	NA	1	NA	1	NA	2	3
OTU_1442	NA	1	2	1	NA	NA	1	NA	1	NA	1	1	1	NA
OTU_1443	5	9	7	5	4	4	12	9	12	2	6	6	3	6
OTU_1444	1	NA	3	2	2	NA	3	NA	1	NA	NA	2	3	NA
OTU_1445	1	NA	2	NA	1	NA	1	1	4	NA	1	NA	1	2
OTU_1446	1	2	3	1	NA	1	1	NA	1	NA	NA	NA	1	1
OTU_1447	7	4	4	1	6	3	10	4	3	1	4	3	2	5
OTU_1448	2	2	7	NA	NA	2	1	1	1	1	2	NA	1	1
OTU_1449	10	17	9	9	5	7	9	18	10	NA	7	3	3	10
OTU_145	7	6	15	11	9	17	2	13	11	1	15	4	2	9
OTU_1451	2	2	3	2	2	2	1	3	3	1	3	3	2	5
OTU_1452	3	1	4	1	NA	1	NA	1	NA	NA	1	NA	NA	3
OTU_1453	1	NA	1	2	1	NA	NA	1	3	NA	NA	1	NA	2
OTU_1454	4	1	NA	2	1	1	3	2	3	NA	3	4	1	2
OTU_1457	NA	1	1	1	NA	2	NA	1	1	NA	2	2	NA	1
OTU_1458	2	NA	1	3	2	NA	1	1	NA	NA	1	2	1	4
OTU_1461	1	1	NA	1	1	3	1	NA	2	NA	NA	1	NA	4
OTU_1462	1	3	2	1	1	1	1	1	1	NA	1	3	2	NA
OTU_1463	NA	1	3	1	NA	3	1	1	NA	NA	2	3	1	1
OTU_1464	2	3	NA	NA	3	3	3	1	1	NA	1	1	NA	3
OTU_1466	4	NA	3	NA	2	1	1	2	3	NA	2	NA	NA	3
OTU_1467	3	1	NA	2	NA	1	2	1	4	1	NA	3	1	2
OTU_1468	2	1	2	3	1	2	1	1	2	NA	NA	1	NA	1
OTU_1469	1	3	2	NA	NA	1	NA	2	2	NA	NA	3	2	NA
OTU_147	3	6	5	1	11	7	2	2	1	2	3	3	4	1
OTU_1471	NA	2	NA	1	NA	NA	NA	1	1	NA	1	1	1	1
OTU_1472	3	2	1	1	2	NA	2	NA	3	NA	1	1	NA	2
OTU_1475	NA	NA	1	NA	3	1	2	1	3	1	1	2	NA	1
OTU_1477	2	3	3	1	2	2	2	5	2	1	1	1	3	4
OTU_1478	NA	4	2	2	NA	NA	3	1	NA	1	NA	2	2	5
OTU_1479	1	4	1	NA	NA	1	NA	NA	2	NA	2	NA	2	1
OTU_148	6	4	7	4	2	10	7	9	4	4	13	3	1	4
OTU_1484	21	41	31	34	23	29	48	34	19	48	40	38	18	23
OTU_149	1	5	2	5	3	4	3	5	2	3	3	4	6	3
OTU_1494	1	3	3	2	1	1	2	3	2	NA	4	NA	2	NA
OTU_1497	NA	NA	2	NA	NA	1	NA	1	1	1	1	NA	1	1
OTU_15	5	2	11	3	6	11	1	9	6	5	28	6	4	4
OTU_150	17	9	8	9	15	10	7	11	12	23	13	14	12	14
OTU_1515	NA	2	2	1	2	1	4	3	3	NA	6	2	2	3
OTU_152	1	2	8	1	4	4	3	3	5	1	8	1	2	1
OTU_1520	1	NA	1	2	1	1	1	2	1	NA	NA	1	1	2
OTU_1525	1	2	1	1	1	NA	1	2	1	NA	1	2	1	1
OTU_1527	2	NA	1	NA	1	2	3	NA	NA	NA	NA	1	1	2
OTU_1528	4	1	7	2	2	NA	2	4	2	1	1	5	2	2
OTU_153	43	29	56	28	28	51	37	44	37	22	71	27	27	42
OTU_1530	NA	NA	1	1	NA	2	1	4	1	NA	2	NA	NA	1
OTU_1531	4	3	1	4	3	NA	4	4	2	4	5	3	2	3
OTU_1536	3	3	2	2	NA	3	2	NA	1	1	NA	2	NA	5
OTU_154	7	12	3	11	10	3	4	6	4	9	7	9	14	9
OTU_1542	4	1	4	1	1	2	3	3	2	NA	1	4	4	1
OTU_1544	NA	5	2	2	NA	2	2	2	2	1	1	1	NA	NA
OTU_1547	5	2	1	1	NA	NA	1	1	NA	1	2	NA	NA	2
OTU_1549	3	1	1	2	2	3	2	1	1	NA	1	1	NA	1
OTU_155	NA	4	2	4	3	1	3	1	1	NA	3	2	NA	4
OTU_1551	4	NA	1	2	1	2	2	1	2	NA	NA	1	2	1
OTU_156	43	45	32	60	51	37	43	28	22	90	36	48	40	39
OTU_1570	2	2	1	1	2	NA	2	NA	3	NA	NA	4	1	NA
OTU_1571	2	1	NA	2	NA	NA	1	1	1	1	1	NA	1	1
OTU_1572	2	2	2	NA	1	1	1	NA	2	NA	1	NA	NA	3
OTU_1573	2	4	1	1	3	NA	3	3	4	NA	1	1	NA	NA
OTU_1574	2	5	2	1	4	1	4	4	1	2	2	2	6	4
OTU_1575	3	2	1	3	1	3	2	3	4	2	3	NA	1	3
OTU_1577	1	1	NA	1	3	NA	3	NA	NA	1	1	NA	2	1
OTU_1578	2	2	7	1	1	NA	2	1	2	NA	1	1	1	1
OTU_158	10	12	13	22	13	30	12	22	4	16	27	18	7	19
OTU_1582	4	1	1	2	1	2	1	1	NA	NA	1	1	NA	NA
OTU_1583	5	NA	3	NA	2	2	1	1	2	NA	NA	3	1	1
OTU_159	2	2	NA	1	5	5	2	4	5	6	NA	3	9	2
OTU_1593	3	1	3	NA	2	1	NA	NA	NA	NA	2	1	1	3
OTU_1594	2	1	2	4	3	NA	4	2	2	NA	NA	1	1	2
OTU_1596	1	NA	1	NA	2	1	1	NA	1	1	NA	NA	1	1
OTU_1598	8	NA	NA	2	3	2	1	1	1	NA	1	3	NA	1
OTU_1599	2	NA	1	1	1	1	2	1	1	NA	1	2	NA	2
OTU_16	13	13	10	7	7	3	7	10	5	7	8	9	19	13
OTU_1600	1	4	3	2	8	NA	2	2	1	1	2	1	1	2
OTU_1601	3	2	1	2	1	NA	2	1	NA	1	1	NA	1	NA
OTU_1603	1	6	1	2	NA	1	4	3	2	NA	1	2	1	2
OTU_1605	2	3	2	NA	1	1	1	2	1	NA	2	1	1	NA
OTU_1607	3	3	NA	NA	1	NA	2	1	NA	NA	1	3	NA	2
OTU_161	NA	NA	2	3	1	4	2	NA	NA	NA	NA	1	1	1
OTU_1610	5	7	4	5	4	5	3	4	8	1	6	3	4	4
OTU_1612	1	2	NA	NA	NA	4	2	1	3	NA	2	NA	NA	1
OTU_1613	5	1	NA	2	1	NA	NA	1	1	NA	2	4	NA	2
OTU_1617	1	1	1	3	2	1	NA	NA	NA	NA	1	1	NA	1
OTU_1618	2	3	2	NA	NA	1	1	NA	NA	NA	2	NA	1	3
OTU_1619	NA	1	1	3	1	1	NA	1	NA	1	1	NA	NA	NA
OTU_162	2	5	2	1	NA	5	5	1	8	11	4	2	9	2
OTU_1620	1	1	1	1	2	1	1	3	NA	NA	NA	NA	NA	2
OTU_1621	NA	1	3	2	2	1	1	1	2	NA	1	2	NA	3
OTU_1627	3	NA	1	1	1	NA	1	2	1	NA	NA	NA	NA	1
OTU_1628	NA	3	1	NA	NA	NA	1	1	3	NA	1	1	NA	1
OTU_1634	1	1	2	1	NA	1	1	1	1	NA	3	NA	2	2
OTU_1636	3	1	4	3	1	1	NA	2	2	2	2	1	5	5
OTU_1638	3	3	1	NA	NA	1	1	2	1	NA	NA	1	1	NA
OTU_164	1	NA	1	2	2	1	1	3	1	2	1	1	1	1
OTU_1640	1	NA	3	NA	1	1	1	NA	1	NA	1	NA	NA	1
OTU_1641	1	NA	3	NA	NA	1	NA	1	1	NA	1	1	1	NA
OTU_1642	NA	1	2	NA	2	2	1	NA	NA	NA	3	1	NA	1
OTU_1645	7	4	9	4	4	4	7	4	14	NA	5	1	4	6
OTU_1646	3	NA	1	3	1	NA	4	3	3	1	NA	1	2	NA
OTU_1648	NA	NA	2	1	2	NA	1	1	NA	NA	NA	1	2	1
OTU_1649	NA	1	2	NA	2	2	NA	2	2	NA	3	1	NA	2
OTU_165	2	2	2	2	2	2	4	NA	1	NA	2	2	2	1
OTU_1650	2	1	1	2	1	1	1	3	NA	NA	1	1	NA	1
OTU_1652	NA	1	1	1	NA	2	NA	2	2	NA	3	NA	2	1
OTU_1653	NA	1	1	1	2	1	2	4	3	NA	1	NA	NA	NA
OTU_1654	NA	NA	2	1	1	1	1	NA	3	NA	1	2	1	3
OTU_1657	2	2	NA	1	1	NA	1	1	4	NA	NA	1	NA	NA
OTU_1658	1	2	NA	2	1	NA	2	2	2	NA	2	NA	1	1
OTU_166	2	NA	1	NA	1	1	1	1	1	NA	2	1	1	NA
OTU_1660	1	1	NA	2	NA	1	1	1	2	NA	NA	1	1	NA
OTU_1661	1	3	1	1	1	2	7	1	NA	NA	2	2	NA	1
OTU_1666	NA	2	2	2	1	NA	1	NA	1	NA	NA	4	1	3
OTU_1667	1	2	2	2	1	1	3	2	4	NA	1	3	2	2
OTU_167	2	1	2	4	6	1	2	2	2	1	3	5	2	NA
OTU_1675	2	NA	NA	1	1	2	2	5	2	NA	NA	NA	1	NA
OTU_1676	2	2	2	NA	2	1	5	1	1	NA	NA	2	NA	1
OTU_1679	NA	NA	NA	NA	1	1	NA	1	1	1	2	3	NA	1
OTU_168	1	1	NA	1	1	1	NA	1	NA	1	1	NA	NA	1
OTU_1684	1	NA	4	3	2	2	5	3	5	NA	2	1	2	1
OTU_1688	NA	4	2	NA	2	NA	3	3	3	NA	2	2	1	5
OTU_1691	3	NA	1	1	1	NA	1	NA	2	NA	1	1	1	1
OTU_1692	2	2	NA	NA	5	NA	5	4	NA	NA	2	1	NA	5
OTU_1693	NA	NA	1	NA	NA	NA	1	2	1	1	NA	3	1	1
OTU_1694	1	1	NA	NA	NA	NA	1	2	1	NA	1	1	1	2
OTU_1695	1	3	NA	NA	1	1	NA	2	NA	NA	NA	1	2	1
OTU_1696	1	NA	NA	NA	NA	1	1	1	1	NA	1	1	NA	2
OTU_1699	1	1	1	NA	NA	1	2	3	2	NA	NA	NA	NA	1
OTU_17	6	8	5	8	2	8	5	6	5	6	5	9	9	5
OTU_1701	5	3	1	1	1	3	2	1	NA	NA	NA	1	1	NA
OTU_1704	4	NA	1	NA	2	1	NA	6	3	1	3	NA	2	2
OTU_1707	1	NA	1	1	2	1	1	1	1	NA	NA	1	NA	1
OTU_1708	1	1	2	1	2	NA	2	NA	2	NA	NA	1	NA	NA
OTU_171	6	3	NA	2	5	6	1	4	1	NA	2	5	6	1
OTU_1713	1	NA	NA	NA	NA	NA	1	NA	1	1	1	1	1	1
OTU_1714	3	NA	NA	1	NA	2	1	NA	NA	2	1	1	NA	1
OTU_1716	4	3	10	7	6	11	5	9	4	21	6	9	4	2
OTU_172	1	1	NA	3	NA	1	NA	3	1	2	NA	2	2	1
OTU_1723	3	2	1	1	NA	1	2	NA	NA	NA	NA	1	NA	1
OTU_1725	NA	3	1	NA	NA	NA	1	2	NA	NA	2	1	2	2
OTU_1726	NA	7	2	2	2	1	1	3	5	NA	4	4	NA	1
OTU_1737	4	1	2	1	1	2	4	NA	3	NA	NA	NA	NA	NA
OTU_174	3	1	1	4	1	NA	2	1	1	5	NA	NA	2	NA
OTU_1765	3	2	NA	2	1	3	NA	2	NA	1	2	NA	NA	NA
OTU_177	2	NA	1	2	3	3	1	3	1	NA	NA	2	1	NA
OTU_1788	45	76	88	70	42	63	92	53	42	102	76	46	46	76
OTU_1789	4	3	7	5	2	2	5	4	3	7	5	6	5	4
OTU_1790	NA	1	3	4	NA	2	5	4	4	1	4	1	NA	9
OTU_1791	8	2	6	5	4	5	8	16	7	13	6	3	3	1
OTU_1795	NA	2	NA	5	2	3	1	NA	4	2	NA	4	3	3
OTU_1799	9	2	10	4	5	2	7	6	12	NA	9	2	NA	6
OTU_18	11	5	2	7	8	10	NA	3	NA	1	2	2	NA	2
OTU_180	1	1	2	NA	2	3	1	1	1	1	3	NA	4	1
OTU_1800	3	2	3	3	4	3	7	3	2	NA	2	NA	3	3
OTU_1801	6	5	2	1	1	2	1	3	1	NA	NA	1	1	2
OTU_1805	1	NA	3	NA	1	3	1	NA	1	3	3	1	NA	1
OTU_1806	NA	2	1	1	1	NA	2	2	3	NA	NA	1	1	2
OTU_1812	6	5	7	8	2	3	7	5	4	NA	6	1	3	9
OTU_1814	84	107	87	125	60	149	92	94	97	63	95	46	26	110
OTU_1818	3	1	2	NA	1	1	3	1	2	NA	1	NA	3	NA
OTU_1819	10	NA	3	NA	NA	3	2	4	5	NA	4	NA	2	2
OTU_182	NA	1	2	1	2	1	NA	NA	NA	1	NA	NA	1	1
OTU_1820	2	6	7	1	1	2	3	2	1	NA	1	5	1	6
OTU_1822	42	78	100	79	35	82	72	86	127	69	111	64	45	68
OTU_1823	29	71	69	38	45	65	50	71	120	53	84	48	27	59
OTU_1824	4	1	2	3	NA	3	8	5	7	3	4	2	5	2
OTU_1828	1	1	3	1	1	NA	2	NA	1	NA	NA	1	NA	NA
OTU_1831	1	1	2	2	NA	NA	2	3	2	1	NA	NA	1	1
OTU_1833	3	5	3	1	NA	NA	NA	2	2	NA	NA	NA	3	1
OTU_1836	1	1	2	2	1	1	NA	1	NA	NA	NA	2	NA	1
OTU_1837	NA	2	NA	1	NA	1	2	1	1	NA	1	2	NA	1
OTU_1840	1	1	3	1	NA	1	2	NA	1	NA	1	1	NA	2
OTU_1846	7	13	19	22	14	32	23	26	38	14	35	15	17	29
OTU_1848	13	7	7	7	14	5	8	10	8	3	16	4	1	6
OTU_185	5	2	2	3	3	7	3	3	1	2	NA	1	1	1
OTU_1851	8	4	3	4	5	3	6	3	3	NA	1	2	3	4
OTU_1852	2	1	2	1	1	1	1	NA	5	1	3	1	2	3
OTU_1853	1	4	2	1	NA	NA	1	3	3	1	NA	1	NA	2
OTU_1854	2	1	2	1	3	5	1	2	1	NA	1	1	1	2
OTU_1855	1	1	NA	1	2	2	4	3	NA	NA	4	NA	NA	2
OTU_1856	4	1	6	2	NA	2	6	3	7	NA	NA	3	1	4
OTU_1857	4	4	2	1	2	3	1	4	8	NA	1	1	2	4
OTU_1858	2	2	NA	1	1	NA	2	3	4	NA	1	NA	1	1
OTU_1859	1	1	1	NA	1	1	1	1	4	NA	1	NA	NA	2
OTU_1863	NA	3	NA	1	1	NA	NA	2	2	NA	NA	1	1	1
OTU_1864	1	2	4	3	NA	1	1	2	1	1	NA	1	2	1
OTU_1867	NA	NA	2	3	NA	NA	NA	2	1	3	1	2	1	1
OTU_1868	NA	NA	NA	NA	1	1	NA	1	2	3	1	2	NA	3
OTU_1869	NA	2	2	1	NA	1	1	1	2	NA	NA	1	NA	2
OTU_1870	NA	2	NA	3	1	NA	4	3	4	NA	4	1	NA	1
OTU_1872	5	4	6	5	5	4	4	1	2	2	4	3	1	5
OTU_1873	NA	2	6	NA	2	NA	2	6	10	1	NA	1	NA	2
OTU_1876	1	3	3	3	4	NA	2	2	3	1	1	3	4	2
OTU_1879	1	3	1	NA	2	NA	1	NA	1	NA	1	3	NA	2
OTU_1881	1	4	NA	NA	1	NA	2	1	1	1	1	1	NA	NA
OTU_1883	NA	1	2	NA	1	NA	3	NA	3	NA	1	1	NA	1
OTU_1887	NA	NA	3	2	1	4	NA	2	3	1	2	NA	NA	3
OTU_1888	2	2	1	NA	1	1	2	1	3	NA	NA	3	1	1
OTU_1892	2	1	1	NA	1	NA	1	1	NA	NA	NA	1	NA	2
OTU_1893	4	6	1	4	3	NA	1	2	2	NA	3	2	NA	2
OTU_1895	1	3	1	NA	1	NA	NA	3	3	NA	2	NA	NA	2
OTU_1896	1	3	1	1	2	3	NA	1	1	NA	NA	1	NA	4
OTU_1898	2	NA	2	1	1	NA	3	1	1	NA	NA	1	NA	NA
OTU_19	NA	2	3	1	2	3	NA	1	1	1	1	1	3	2
OTU_1901	1	2	NA	NA	1	1	2	3	2	1	3	NA	1	1
OTU_1911	3	1	1	1	1	3	4	NA	1	1	4	NA	1	2
OTU_1912	2	1	3	3	2	1	1	NA	1	2	NA	NA	1	2
OTU_1913	2	1	NA	NA	1	NA	3	NA	1	2	1	NA	1	NA
OTU_1919	1	2	1	2	1	2	2	1	4	NA	NA	NA	NA	3
OTU_1920	NA	2	1	1	NA	NA	NA	3	1	1	1	NA	NA	1
OTU_1922	1	NA	2	1	1	NA	NA	1	1	NA	1	2	NA	1
OTU_1927	NA	2	2	NA	NA	NA	1	NA	1	2	1	2	1	NA
OTU_1932	1	2	4	NA	NA	NA	2	1	2	3	2	2	2	NA
OTU_1935	23	30	31	53	39	21	25	38	30	51	23	38	29	40
OTU_1940	2	2	NA	2	2	NA	3	2	2	NA	NA	2	1	3
OTU_1943	2	1	4	1	1	1	3	3	1	3	NA	NA	NA	NA
OTU_1953	5	3	2	1	3	3	1	2	2	8	3	6	1	3
OTU_196	4	5	13	5	6	11	6	4	5	2	5	3	2	7
OTU_1960	8	18	7	16	9	10	9	10	10	15	7	9	11	13
OTU_1961	1	3	1	3	1	2	1	2	7	6	3	6	3	2
OTU_1962	3	2	1	6	2	3	2	1	NA	2	2	3	5	2
OTU_1963	1	NA	3	3	2	1	2	NA	NA	3	NA	2	1	4
OTU_1964	7	3	1	3	5	1	3	NA	2	7	1	3	2	3
OTU_1965	3	2	NA	1	1	NA	2	1	NA	4	3	1	1	NA
OTU_1966	2	NA	NA	2	1	NA	NA	2	2	2	1	2	1	1
OTU_1967	2	3	3	3	1	2	1	1	2	5	NA	4	1	NA
OTU_1968	4	NA	2	6	1	3	NA	NA	1	6	NA	9	1	4
OTU_1969	NA	NA	2	4	1	NA	3	NA	1	2	NA	2	1	2
OTU_197	NA	1	NA	NA	1	1	1	NA	3	1	1	1	2	NA
OTU_1970	1	3	NA	NA	2	1	1	NA	NA	1	NA	1	1	NA
OTU_1977	NA	1	1	3	1	NA	2	NA	1	1	NA	1	1	NA
OTU_1979	2	2	2	1	5	2	1	NA	1	2	1	1	2	1
OTU_1982	NA	2	NA	2	1	1	NA	NA	NA	3	NA	1	1	2
OTU_1986	1	1	1	NA	1	NA	1	NA	2	1	1	NA	NA	2
OTU_2	1	1	1	2	1	NA	3	NA	2	NA	4	4	NA	2
OTU_20	2	8	8	7	7	6	8	9	5	3	10	1	2	3
OTU_2014	3461	4882	7716	8726	8231	6243	6818	6683	5469	6285	6245	6333	7216	6552
OTU_2016	5	2	1	4	2	2	NA	2	2	5	NA	3	2	3
OTU_2019	9	4	9	5	2	3	2	2	6	1	2	1	5	7
OTU_2020	1044	476	392	367	647	764	339	510	753	852	338	392	776	343
OTU_2023	3	NA	2	1	5	NA	1	3	3	2	4	2	NA	5
OTU_2024	5	4	5	5	6	9	3	2	7	2	3	3	6	2
OTU_2025	1	2	2	3	1	1	6	3	2	NA	2	1	NA	2
OTU_2026	5	7	12	2	5	5	5	5	12	1	4	10	2	8
OTU_2034	6	3	3	2	6	1	6	8	3	NA	NA	NA	5	5
OTU_2036	4	1	2	1	2	1	3	2	6	1	5	NA	7	6
OTU_2037	3	5	1	3	3	3	2	4	2	NA	1	NA	3	4
OTU_2039	2	1	1	1	1	1	3	2	7	NA	NA	NA	1	1
OTU_204	3	1	1	2	1	1	NA	1	1	2	NA	NA	1	3
OTU_2041	2	7	5	2	7	4	1	10	10	1	7	5	2	4
OTU_2042	671	634	623	613	726	755	521	545	592	712	483	528	466	674
OTU_2043	NA	7	10	3	1	2	3	3	6	NA	3	5	4	5
OTU_2045	292	420	583	335	352	340	394	472	642	764	413	607	594	216
OTU_2046	NA	NA	NA	2	2	NA	1	1	3	3	1	1	5	NA
OTU_2049	NA	2	NA	1	1	2	4	1	1	NA	NA	NA	2	1
OTU_2056	58	45	165	46	106	165	72	147	97	44	243	103	98	75
OTU_2057	283	104	20	47	53	227	68	71	36	218	151	71	61	40
OTU_2058	1	2	2	1	NA	2	2	2	4	NA	1	NA	NA	1
OTU_2059	6	3	1	NA	1	NA	2	7	2	NA	2	NA	1	4
OTU_206	2	NA	3	NA	2	NA	1	3	NA	1	NA	3	NA	1
OTU_2060	2	1	NA	1	NA	1	NA	NA	2	NA	1	1	NA	1
OTU_2069	1	1	NA	1	NA	2	3	1	3	NA	NA	NA	2	NA
OTU_207	1	1	NA	1	NA	2	NA	2	NA	NA	1	1	1	1
OTU_2073	2	1	2	1	NA	3	2	NA	1	NA	1	2	NA	4
OTU_2076	3	2	1	NA	3	1	1	2	4	NA	NA	2	2	NA
OTU_2079	3	1	4	NA	3	NA	1	5	4	1	3	NA	3	5
OTU_208	16	14	14	4	10	6	7	8	10	5	3	13	7	8
OTU_2084	3	1	2	NA	3	2	NA	3	1	NA	5	NA	NA	3
OTU_2086	NA	1	NA	1	1	1	2	5	1	NA	NA	NA	NA	2
OTU_2087	4	1	NA	1	1	1	2	NA	NA	NA	1	1	NA	1
OTU_21	7	3	3	4	6	1	8	3	4	10	7	10	2	7
OTU_210	1	1	2	NA	1	3	NA	NA	NA	1	NA	NA	1	1
OTU_2101	98	101	74	107	69	143	92	83	70	283	123	140	145	78
OTU_2102	89	91	71	85	71	93	122	69	61	9	119	3	8	81
OTU_2103	289	145	113	118	171	97	124	123	207	56	44	105	173	109
OTU_2104	7	7	32	13	18	37	15	15	13	8	36	25	19	8
OTU_2105	71	27	20	16	28	24	8	9	22	18	16	8	28	15
OTU_2106	13	14	15	17	17	14	7	5	10	12	11	10	5	16
OTU_2107	84	49	46	36	49	27	41	37	70	13	36	42	45	59
OTU_2108	9	7	6	18	15	20	14	15	1	17	8	10	19	4
OTU_2109	17	10	14	11	12	14	8	10	12	27	8	21	21	13
OTU_2110	NA	6	9	1	6	8	6	1	5	1	10	5	3	3
OTU_2111	19	31	64	25	33	33	29	41	59	6	32	16	18	42
OTU_2112	5	7	6	8	7	1	6	1	8	8	8	10	5	7
OTU_2113	2	1	4	3	7	NA	2	3	1	3	7	1	4	3
OTU_2114	NA	5	2	2	2	6	1	4	1	2	2	1	6	3
OTU_2115	16	7	3	1	7	2	8	6	5	16	10	8	15	14
OTU_2116	22	22	27	20	30	20	20	15	25	6	14	25	33	38
OTU_2117	8	13	4	13	12	11	17	17	5	18	15	11	8	9
OTU_2119	1	2	2	5	2	2	7	2	4	9	1	5	12	5
OTU_2120	10	6	6	5	2	3	5	4	1	13	8	13	16	5
OTU_2121	3	2	1	1	2	1	5	4	1	1	2	2	2	2
OTU_2122	4	1	1	1	2	1	4	1	2	NA	2	2	5	4
OTU_2123	8	4	1	10	2	4	3	3	3	5	4	1	3	5
OTU_2124	2	1	2	5	8	6	NA	2	NA	4	4	NA	4	2
OTU_2125	3	2	3	6	3	3	6	2	3	8	NA	3	13	8
OTU_2126	3	3	3	5	2	6	3	2	2	13	3	6	3	NA
OTU_2127	4	2	4	1	1	NA	NA	2	NA	7	NA	1	1	NA
OTU_2129	8	7	7	9	6	5	7	4	3	13	4	11	7	4
OTU_2131	3	3	2	1	3	NA	4	1	1	4	NA	NA	1	2
OTU_2134	4	3	3	8	11	2	5	8	12	4	3	8	5	10
OTU_2135	3	1	NA	3	1	NA	3	NA	4	2	2	3	5	2
OTU_2136	13	15	15	7	10	6	9	7	7	NA	3	3	NA	4
OTU_2137	18	15	8	10	8	6	8	16	14	1	6	8	9	10
OTU_2138	6	3	4	6	2	2	3	3	1	4	2	3	5	7
OTU_2139	2	2	NA	5	1	NA	3	1	1	5	1	NA	4	4
OTU_2140	2	2	6	7	3	6	11	2	10	16	5	7	8	7
OTU_2141	NA	NA	1	2	3	2	3	1	2	2	2	5	2	1
OTU_2142	NA	2	NA	3	1	2	1	NA	1	3	1	5	3	1
OTU_2143	8	NA	3	NA	5	1	2	2	3	1	NA	1	NA	1
OTU_2145	3	NA	1	1	4	2	NA	1	2	4	1	2	1	4
OTU_2147	4	2	1	5	1	4	1	2	3	3	3	3	6	5
OTU_2148	7	2	2	2	6	1	2	5	4	11	NA	1	1	6
OTU_2150	14	9	4	8	10	6	10	7	17	4	3	9	12	12
OTU_2151	32	11	14	18	14	10	22	21	13	4	5	10	16	28
OTU_2153	10	7	12	5	5	6	5	9	8	1	9	3	NA	9
OTU_2154	5	1	3	1	3	2	NA	NA	4	NA	2	3	NA	NA
OTU_2157	3	1	2	1	NA	1	2	NA	NA	1	NA	3	1	1
OTU_2158	14	17	11	9	8	5	10	9	14	1	3	4	2	11
OTU_2159	1	2	1	NA	NA	NA	4	1	NA	3	1	1	1	1
OTU_2160	7	7	3	6	8	1	3	5	6	1	2	5	5	8
OTU_2162	NA	2	NA	1	1	NA	1	1	2	1	NA	NA	1	2
OTU_2165	3	2	2	1	1	3	2	3	1	2	1	2	3	NA
OTU_2167	16	12	13	5	8	5	17	13	17	4	3	15	10	7
OTU_2168	6	6	7	5	2	5	4	4	4	1	2	4	3	3
OTU_2169	2	NA	5	2	NA	NA	3	3	1	3	NA	2	2	2
OTU_2171	NA	NA	1	1	3	1	1	1	NA	2	NA	1	NA	1
OTU_2178	2	NA	3	1	NA	NA	NA	NA	3	1	NA	1	2	1
OTU_218	1	NA	1	1	1	NA	1	1	NA	NA	1	NA	1	NA
OTU_2180	1	4	4	2	2	NA	1	1	6	1	NA	1	1	1
OTU_2181	2	2	2	1	2	NA	2	NA	7	NA	2	2	NA	2
OTU_2182	52	51	21	34	38	26	32	23	27	18	22	33	37	27
OTU_2183	4	2	1	NA	5	NA	2	9	3	3	NA	NA	NA	1
OTU_2194	6	4	2	1	5	2	2	3	5	1	4	2	NA	7
OTU_2195	2	1	2	2	NA	NA	4	NA	1	1	1	NA	1	NA
OTU_2196	1	2	3	1	NA	NA	1	NA	2	2	1	1	1	NA
OTU_2197	60	29	5	11	16	28	20	13	17	18	18	16	13	7
OTU_2198	1	3	1	1	3	3	4	2	NA	NA	NA	1	1	1
OTU_2199	1	1	5	NA	1	1	1	1	4	NA	3	NA	2	3
OTU_22	1	4	7	5	3	6	12	11	3	1	16	2	2	7
OTU_2201	1	NA	NA	3	1	1	1	2	2	NA	NA	NA	1	NA
OTU_2202	4	2	NA	1	NA	1	1	2	5	1	2	2	1	1
OTU_2203	4	1	2	NA	1	2	1	NA	NA	2	2	1	4	1
OTU_221	8	1	7	1	1	2	3	4	3	1	2	1	2	2
OTU_2223	2	1	3	3	NA	NA	2	NA	2	NA	NA	1	3	3
OTU_2224	3	1	4	NA	NA	NA	2	1	2	1	3	1	NA	NA
OTU_2225	1	4	NA	NA	1	1	1	1	3	NA	NA	3	2	NA
OTU_2227	2	1	NA	2	4	2	5	3	4	NA	6	NA	2	3
OTU_2228	4	3	NA	NA	3	NA	3	1	2	NA	2	1	NA	NA
OTU_223	3	NA	NA	NA	1	1	NA	2	1	1	1	3	2	1
OTU_2232	NA	NA	5	NA	1	2	3	4	NA	1	3	1	NA	NA
OTU_2234	5	3	1	1	1	NA	2	3	3	NA	NA	NA	NA	1
OTU_2236	3	1	1	NA	1	NA	3	2	1	NA	NA	1	NA	NA
OTU_2237	NA	1	2	NA	2	1	1	3	2	NA	NA	3	4	3
OTU_224	10	NA	2	1	1	5	3	7	4	4	1	3	5	1
OTU_2249	1	3	1	NA	1	NA	NA	NA	1	NA	1	NA	1	2
OTU_2255	1	4	1	NA	2	1	1	1	1	NA	NA	2	NA	3
OTU_2257	1	1	1	2	NA	1	NA	NA	1	3	NA	NA	1	NA
OTU_2258	NA	2	2	NA	2	1	NA	1	NA	1	2	1	3	NA
OTU_2266	1	2	1	NA	1	1	3	1	1	1	NA	3	3	1
OTU_2271	3	2	2	1	1	NA	1	NA	1	NA	1	NA	2	2
OTU_2272	1	1	1	2	1	NA	1	NA	1	4	2	NA	NA	1
OTU_2273	1	NA	1	1	1	NA	NA	2	1	1	1	3	1	3
OTU_2274	2	3	1	2	4	5	1	4	3	NA	3	NA	NA	4
OTU_2275	44	19	12	5	20	17	10	20	25	6	8	14	19	6
OTU_2276	10	6	6	3	8	2	7	1	3	2	2	4	3	2
OTU_2279	1	NA	NA	2	1	1	1	NA	1	NA	1	NA	NA	1
OTU_2284	3	11	4	3	5	2	5	1	4	1	6	1	1	6
OTU_2285	1	2	NA	1	1	NA	NA	1	3	NA	NA	NA	1	1
OTU_2288	NA	2	3	1	1	NA	2	1	1	NA	1	NA	NA	1
OTU_2292	7	9	3	5	8	3	4	12	3	1	4	2	4	3
OTU_2293	NA	1	3	1	1	NA	NA	1	1	NA	1	NA	1	1
OTU_2295	1	1	2	1	2	1	NA	NA	1	1	2	NA	NA	NA
OTU_2296	1	5	2	2	1	NA	1	NA	3	1	1	3	2	1
OTU_2297	NA	NA	1	1	2	NA	2	2	1	NA	NA	1	NA	2
OTU_2299	NA	1	1	NA	1	1	NA	1	NA	1	1	NA	NA	1
OTU_23	3	3	6	8	8	9	7	7	2	2	8	6	1	4
OTU_2301	1	1	2	5	1	2	NA	NA	1	NA	1	2	NA	2
OTU_2304	2	1	1	1	1	NA	2	2	NA	NA	1	NA	NA	3
OTU_2305	1	1	2	1	NA	NA	1	2	4	NA	NA	NA	NA	1
OTU_2306	6	3	5	3	6	2	4	2	3	1	5	NA	2	1
OTU_2308	NA	1	1	1	NA	2	1	3	3	NA	2	NA	NA	NA
OTU_2309	7	9	4	7	8	3	5	3	8	NA	NA	1	1	6
OTU_2310	2	1	2	NA	1	NA	NA	NA	2	NA	1	1	1	2
OTU_2311	2	6	1	1	2	1	1	NA	6	NA	4	1	NA	2
OTU_232	NA	1	NA	1	NA	1	1	1	NA	NA	NA	1	1	1
OTU_2326	14	7	2	1	11	NA	4	4	11	NA	1	4	4	6
OTU_2327	43	30	37	28	41	31	27	62	70	23	20	47	114	104
OTU_2328	30	26	103	53	67	99	30	73	50	53	99	73	74	47
OTU_2329	22	48	41	46	26	36	39	25	22	62	28	44	24	26
OTU_2330	2	3	3	1	4	1	3	1	1	2	1	4	NA	NA
OTU_2331	29	38	16	20	31	21	25	21	13	41	13	18	22	16
OTU_2333	14	11	7	13	15	14	12	15	12	10	17	12	5	15
OTU_2334	4	3	14	NA	9	1	2	14	7	5	9	7	10	7
OTU_2335	NA	2	2	2	3	1	NA	NA	2	NA	NA	1	3	NA
OTU_2336	2	4	1	8	3	4	2	4	2	13	NA	2	6	3
OTU_2337	6	7	2	4	4	2	7	2	2	3	1	6	4	5
OTU_2338	4	NA	1	3	4	3	2	2	5	8	2	1	4	4
OTU_2339	197	175	220	176	145	227	176	244	172	143	272	224	129	143
OTU_2340	2	NA	7	NA	7	5	1	9	3	4	6	2	6	NA
OTU_2343	NA	1	3	2	2	2	NA	3	NA	2	NA	NA	NA	3
OTU_2345	1	2	2	5	8	1	7	2	3	2	5	1	NA	NA
OTU_2348	1	NA	1	NA	1	2	1	2	1	NA	1	NA	1	3
OTU_2349	2	1	1	1	1	2	2	NA	1	NA	2	3	1	NA
OTU_235	8	9	8	3	3	8	7	11	14	NA	7	3	2	7
OTU_2350	4	3	4	2	3	2	7	3	2	2	1	10	8	2
OTU_2351	6	1	1	3	1	1	3	2	1	3	3	3	NA	4
OTU_2353	1	NA	1	NA	1	2	1	NA	NA	4	1	1	2	2
OTU_2355	184	197	191	256	202	252	218	217	212	410	199	349	313	185
OTU_2357	35	40	22	20	24	26	14	31	112	22	29	21	14	36
OTU_2358	2	2	2	3	NA	1	2	NA	1	1	4	NA	NA	1
OTU_236	3	1	4	1	3	1	4	5	2	1	3	1	3	1
OTU_2360	1	2	7	3	5	2	1	3	1	1	NA	2	NA	NA
OTU_2361	2	NA	1	NA	2	NA	1	2	1	1	2	1	NA	1
OTU_2362	NA	4	1	NA	1	1	1	3	2	2	1	2	2	3
OTU_2363	2	NA	1	NA	1	2	1	1	1	NA	2	1	3	NA
OTU_2364	1	NA	2	2	NA	NA	NA	NA	1	2	1	NA	1	1
OTU_2365	17	8	10	9	8	7	17	14	14	3	4	3	3	11
OTU_2367	8	4	10	5	6	6	6	6	12	5	16	7	9	6
OTU_2370	1	1	1	1	NA	2	NA	2	4	1	NA	2	3	1
OTU_2371	3	NA	2	1	4	2	1	NA	1	1	2	1	2	NA
OTU_2374	1	4	3	NA	4	2	5	4	3	1	4	6	2	1
OTU_2376	2	1	NA	1	3	1	NA	NA	1	NA	NA	NA	1	1
OTU_2382	6	3	1	3	1	1	1	4	1	NA	2	3	1	3
OTU_2388	1	2	NA	NA	4	1	1	2	1	NA	NA	NA	NA	1
OTU_2390	NA	NA	NA	3	4	3	2	NA	2	1	1	3	NA	1
OTU_2391	6	4	4	4	2	NA	3	4	2	1	1	4	2	2
OTU_2392	5	3	1	1	NA	1	1	NA	4	1	3	NA	NA	1
OTU_2393	8	3	6	8	5	2	4	5	5	1	1	NA	2	3
OTU_2394	1	6	6	3	NA	1	2	2	2	3	2	2	2	2
OTU_2397	NA	1	1	1	3	1	1	1	1	NA	1	2	3	1
OTU_2399	2	2	NA	1	NA	NA	2	1	1	1	1	NA	NA	NA
OTU_2402	4	4	3	NA	3	4	3	NA	3	2	NA	6	2	3
OTU_2404	2	1	5	NA	4	2	1	2	NA	1	1	2	5	NA
OTU_2405	5	4	6	3	3	3	4	5	7	1	2	5	4	3
OTU_2406	3	1	1	1	1	1	NA	1	NA	NA	2	1	2	2
OTU_2416	5	4	2	4	9	5	3	3	4	7	6	1	3	4
OTU_2417	4	5	2	1	2	1	4	NA	3	2	NA	4	5	2
OTU_2419	NA	3	NA	NA	1	1	1	1	1	NA	NA	1	1	1
OTU_2423	2	2	NA	NA	1	NA	1	2	4	NA	1	2	1	1
OTU_2424	1	1	6	2	1	2	2	1	3	2	1	1	NA	1
OTU_2425	9	3	2	8	2	3	5	4	4	NA	3	1	2	4
OTU_2426	1	NA	1	1	2	NA	2	4	NA	NA	2	4	1	4
OTU_2427	2	2	1	2	2	1	2	NA	1	NA	2	NA	NA	2
OTU_2428	3	8	9	NA	1	3	2	4	5	1	2	NA	5	4
OTU_2429	1	1	1	NA	2	NA	2	1	1	NA	NA	NA	2	1
OTU_2430	1	6	3	NA	1	NA	NA	4	6	NA	1	6	7	NA
OTU_2441	3	3	NA	NA	2	3	2	NA	3	1	NA	1	2	2
OTU_2442	28	7	15	13	11	12	16	9	22	2	9	22	14	15
OTU_2443	6	3	3	2	3	3	4	NA	1	2	4	4	3	1
OTU_2453	437	347	296	463	375	352	296	240	275	289	290	282	204	406
OTU_2454	2	1	NA	4	3	1	NA	NA	NA	NA	NA	1	2	3
OTU_2455	7	3	4	5	4	3	2	3	2	NA	3	NA	5	6
OTU_2456	1	1	3	NA	1	NA	1	3	2	NA	2	1	NA	2
OTU_2457	6	5	1	NA	2	1	NA	3	NA	NA	2	3	2	2
OTU_2458	8	1	NA	1	2	NA	8	4	2	NA	4	1	NA	5
OTU_2459	6	1	1	1	2	NA	1	NA	2	NA	NA	1	2	2
OTU_2462	3	4	2	1	2	NA	1	1	1	NA	1	3	NA	2
OTU_2463	1	3	5	3	1	1	1	3	1	NA	NA	NA	1	3
OTU_2465	4	2	2	4	1	3	NA	4	2	NA	2	3	NA	4
OTU_2467	NA	1	5	3	1	NA	3	2	3	NA	4	NA	2	3
OTU_2468	3	7	6	1	4	1	2	4	5	NA	1	1	2	6
OTU_2469	NA	1	1	1	NA	NA	2	1	2	1	NA	1	1	1
OTU_2471	3	1	2	2	NA	1	1	1	5	NA	NA	1	1	NA
OTU_2473	3	5	1	2	4	3	4	4	7	1	6	7	NA	6
OTU_2476	2	NA	1	2	NA	NA	1	1	1	NA	2	NA	1	NA
OTU_2479	1	3	1	1	NA	NA	NA	1	2	1	NA	3	2	1
OTU_2491	18	15	9	18	22	12	11	9	13	28	8	24	22	15
OTU_25	2	5	2	2	3	2	6	NA	3	1	1	NA	2	1
OTU_2504	9	5	4	13	5	7	2	3	2	9	6	4	4	8
OTU_2525	2	6	4	NA	6	2	3	4	6	2	2	6	1	4
OTU_2529	2	2	2	NA	1	1	1	1	3	NA	1	NA	NA	NA
OTU_2534	3	3	2	2	3	1	3	2	3	1	NA	1	NA	2
OTU_2536	1	1	3	NA	NA	NA	2	1	2	1	NA	1	NA	NA
OTU_2537	8	7	5	3	4	4	1	6	10	NA	6	2	1	5
OTU_2538	1	4	2	1	1	1	NA	2	1	NA	2	NA	1	3
OTU_2540	NA	1	1	1	1	1	1	2	3	NA	4	1	1	1
OTU_2543	NA	1	1	1	1	NA	1	2	1	NA	NA	NA	2	3
OTU_2544	5	3	5	3	1	2	2	4	8	1	6	NA	NA	5
OTU_2545	1	2	2	NA	4	NA	NA	2	3	NA	3	4	4	4
OTU_2547	2	1	NA	4	6	4	1	NA	2	1	1	5	1	2
OTU_2549	NA	4	1	1	NA	2	1	1	2	NA	1	NA	1	1
OTU_2551	2	NA	1	2	NA	1	2	2	2	NA	NA	NA	NA	1
OTU_2557	1	1	NA	NA	1	2	1	1	1	1	1	4	NA	2
OTU_2558	1	NA	1	NA	2	1	1	1	NA	NA	2	1	1	1
OTU_2561	1	NA	1	NA	1	1	1	NA	NA	2	NA	2	2	NA
OTU_2562	1	NA	3	1	1	1	1	1	NA	1	2	NA	NA	4
OTU_2581	7	NA	4	2	NA	6	3	2	6	3	3	2	5	3
OTU_2590	53	31	20	17	26	23	19	17	34	22	16	14	36	18
OTU_2594	10	8	7	9	6	16	12	7	6	5	12	9	3	9
OTU_2595	714	995	687	905	837	779	706	597	762	2108	858	1136	1941	1029
OTU_2596	28	30	28	26	38	12	21	29	15	60	24	35	41	31
OTU_2597	8	10	7	8	10	12	6	6	4	21	7	11	14	18
OTU_2599	11	15	6	14	12	6	12	8	13	19	13	16	5	14
OTU_26	1	2	1	1	1	2	NA	NA	1	1	NA	2	2	NA
OTU_2600	11	9	9	12	10	12	15	9	6	22	9	14	11	7
OTU_2602	52	62	33	33	38	19	40	42	40	44	13	40	60	50
OTU_2603	11	8	4	7	6	2	5	2	2	24	5	8	5	7
OTU_2604	7	3	18	2	18	3	2	11	6	9	8	14	6	1
OTU_2605	16	16	25	13	33	8	21	28	9	45	15	20	21	9
OTU_2606	51	78	80	66	60	57	53	80	121	26	68	48	37	71
OTU_2607	15	7	10	17	9	12	7	4	6	34	5	11	11	10
OTU_2609	9	9	6	8	1	8	3	3	3	13	7	4	6	5
OTU_2610	1	2	5	5	9	3	2	4	NA	2	3	6	2	1
OTU_2611	3	6	4	3	5	4	6	1	6	10	1	5	9	1
OTU_2612	6	4	11	7	6	2	2	12	7	10	6	13	7	4
OTU_2613	8	8	16	11	7	8	6	15	13	16	7	11	17	3
OTU_2614	1	NA	11	4	3	NA	4	11	4	2	11	5	4	NA
OTU_2615	1	1	2	1	4	2	1	6	3	3	2	5	7	2
OTU_2616	38	23	27	14	26	10	12	32	42	2	20	3	9	16
OTU_2617	90	72	46	72	53	24	59	35	48	38	36	82	118	64
OTU_2618	6	3	3	3	7	9	13	7	1	7	4	5	4	3
OTU_2620	1	NA	1	NA	1	3	NA	1	2	NA	1	NA	3	NA
OTU_2621	10	11	6	13	6	3	4	3	7	4	3	12	9	9
OTU_2622	5	3	NA	2	1	1	1	1	2	2	NA	3	2	1
OTU_2624	110	103	60	77	84	55	77	65	100	104	59	78	160	100
OTU_2625	5	4	23	2	15	NA	3	16	7	24	7	13	16	4
OTU_2626	2	1	1	1	3	2	2	5	5	5	5	2	5	6
OTU_2627	5	4	6	6	3	9	4	6	10	3	4	6	4	5
OTU_2629	NA	1	1	2	2	1	3	NA	3	5	1	2	2	1
OTU_2632	2	1	NA	2	2	2	1	1	1	1	1	NA	2	NA
OTU_2633	NA	NA	2	2	1	2	2	1	1	2	NA	1	6	NA
OTU_2634	NA	NA	2	3	NA	NA	3	1	1	4	1	4	4	NA
OTU_2635	NA	NA	3	NA	4	NA	1	NA	1	1	1	1	1	NA
OTU_2636	1	NA	1	2	1	1	NA	NA	1	2	NA	1	NA	2
OTU_2638	3	4	NA	1	1	1	NA	2	NA	4	NA	4	3	3
OTU_2640	1	1	2	1	NA	1	NA	NA	NA	1	NA	NA	2	1
OTU_2644	1	NA	NA	NA	1	1	NA	NA	NA	1	1	2	2	2
OTU_2645	3	3	9	7	3	6	5	3	5	NA	13	2	2	10
OTU_2649	NA	1	7	3	3	NA	NA	5	1	4	3	1	1	1
OTU_265	4	9	8	3	1	3	6	7	2	NA	2	2	2	5
OTU_2657	1	1	1	1	NA	NA	3	NA	NA	1	3	2	1	NA
OTU_2659	1	1	2	1	1	1	1	1	1	5	3	1	1	2
OTU_266	1	NA	2	1	1	1	1	1	NA	NA	1	2	1	1
OTU_2660	43	36	35	54	32	21	36	42	60	10	38	36	29	40
OTU_2661	11	3	1	2	5	3	1	2	5	NA	1	1	1	5
OTU_2662	727	701	430	868	660	588	695	511	403	892	505	606	472	503
OTU_2664	6	3	7	6	6	8	4	4	3	7	1	7	3	4
OTU_2666	NA	1	NA	1	NA	NA	NA	1	1	4	1	1	4	NA
OTU_2668	1	NA	1	1	NA	2	NA	2	1	1	NA	2	NA	1
OTU_267	4	1	1	1	NA	NA	NA	1	1	NA	1	1	1	1
OTU_2670	1	1	5	3	2	NA	4	NA	4	NA	3	5	NA	3
OTU_2675	1	NA	1	2	2	NA	NA	2	2	1	NA	1	NA	1
OTU_2677	13	5	6	9	6	4	1	3	11	3	7	7	6	17
OTU_2678	6	2	3	4	3	3	5	1	4	1	NA	6	4	5
OTU_2679	11	10	12	9	13	10	10	19	20	1	8	4	6	17
OTU_268	5	5	3	3	3	15	3	4	2	6	13	2	2	3
OTU_2688	3	3	1	3	1	1	1	1	4	4	1	4	2	1
OTU_2691	15	21	18	11	19	15	21	19	29	1	19	4	10	22
OTU_2693	NA	1	1	2	NA	NA	NA	NA	1	NA	2	1	2	1
OTU_2694	1	1	1	NA	1	NA	1	1	4	1	NA	NA	NA	NA
OTU_2699	NA	1	1	NA	1	1	NA	1	1	1	NA	1	NA	NA
OTU_270	235	136	514	105	118	242	439	779	430	56	399	295	695	169
OTU_2703	230	440	709	433	371	510	399	586	809	284	715	306	291	529
OTU_2704	12	3	2	5	3	4	2	1	2	NA	1	2	2	3
OTU_2705	24	18	12	10	18	11	17	8	14	4	4	16	9	12
OTU_2706	4	4	1	2	6	1	4	1	1	4	NA	2	9	1
OTU_2707	2	1	3	4	1	NA	3	9	5	1	1	2	NA	6
OTU_2709	4	7	NA	5	3	2	NA	4	1	NA	NA	3	5	3
OTU_2712	NA	NA	NA	NA	1	NA	NA	2	1	1	1	1	1	1
OTU_2716	18	9	12	5	6	3	11	5	2	9	8	10	13	10
OTU_272	6	1	1	NA	1	NA	2	NA	1	NA	2	2	1	7
OTU_2722	1	1	1	NA	2	1	NA	1	NA	1	NA	1	1	1
OTU_2724	9	2	2	6	5	1	5	3	8	NA	1	1	3	5
OTU_2725	1	1	NA	1	2	1	1	4	5	NA	1	1	NA	1
OTU_2726	2	1	2	NA	1	NA	3	NA	2	1	1	NA	2	1
OTU_2727	NA	8	2	1	NA	2	6	1	1	1	NA	2	2	3
OTU_2731	52	72	35	32	101	140	41	68	87	68	50	66	87	55
OTU_2742	4	1	3	3	2	2	2	5	1	NA	1	1	NA	1
OTU_2747	5	3	2	3	2	2	5	1	1	NA	NA	NA	NA	5
OTU_2750	5	NA	2	NA	2	NA	NA	3	5	NA	NA	2	7	7
OTU_2751	6	8	2	1	4	3	2	3	9	3	5	4	6	2
OTU_2752	3	5	3	3	NA	1	2	2	2	2	1	NA	NA	1
OTU_2753	4	2	3	1	3	2	1	2	3	NA	2	NA	3	5
OTU_2754	6	6	8	1	4	4	8	5	11	1	6	2	2	6
OTU_2755	14	5	11	9	19	5	17	13	13	3	8	12	12	12
OTU_2763	90	92	49	73	77	102	76	67	104	170	53	109	94	121
OTU_2766	NA	2	1	1	2	NA	NA	2	NA	1	1	NA	2	1
OTU_2773	3	3	1	2	4	3	2	1	2	1	1	1	1	2
OTU_2776	4	7	2	2	6	1	1	1	2	2	1	2	2	3
OTU_2778	4	NA	1	2	3	NA	1	1	NA	1	NA	1	2	6
OTU_2787	NA	NA	NA	1	2	NA	1	1	1	1	NA	1	2	1
OTU_2791	7	2	2	NA	3	NA	4	3	3	1	1	NA	NA	3
OTU_2792	4	1	4	5	2	5	NA	3	5	NA	4	3	1	2
OTU_2793	6	4	1	2	2	1	5	4	1	NA	1	3	1	3
OTU_2794	3	2	1	3	2	1	1	NA	2	NA	1	2	4	1
OTU_2795	6	1	3	NA	1	1	NA	1	6	NA	1	2	1	4
OTU_2798	4	2	5	2	4	5	2	4	5	13	5	3	6	6
OTU_2799	4	3	5	5	4	2	4	5	3	4	3	9	10	3
OTU_2802	2	5	3	2	3	1	3	1	2	NA	NA	2	2	2
OTU_283	1	1	3	NA	1	NA	3	1	NA	1	1	1	2	2
OTU_2848	43	169	40	55	78	26	44	25	215	84	89	211	92	155
OTU_2850	1	1	1	NA	2	1	NA	2	2	NA	1	3	NA	1
OTU_2851	8	13	3	4	10	4	5	5	9	3	6	4	12	10
OTU_2852	3	1	1	2	2	1	1	1	1	NA	NA	NA	NA	NA
OTU_2855	6	7	2	8	4	4	6	3	5	2	2	3	3	4
OTU_2857	4	3	2	3	1	2	1	1	5	NA	NA	2	1	1
OTU_2859	2	2	4	NA	1	NA	2	1	4	2	3	3	NA	1
OTU_2860	2	NA	2	1	NA	1	NA	3	NA	1	NA	1	NA	1
OTU_2861	1	3	4	NA	2	1	3	4	3	NA	1	NA	NA	NA
OTU_2862	1	1	6	NA	1	1	1	1	1	NA	NA	NA	2	1
OTU_2863	2	NA	2	1	3	NA	1	1	2	NA	1	1	NA	NA
OTU_2864	3	1	NA	1	1	NA	1	NA	NA	NA	NA	1	1	1
OTU_2872	4	1	4	4	4	4	4	5	5	NA	2	2	1	5
OTU_2874	7	1	NA	NA	2	1	5	2	2	1	4	NA	1	2
OTU_2879	211	143	76	72	135	196	72	63	139	162	74	119	187	102
OTU_2881	3	2	3	4	1	2	3	2	NA	2	2	1	6	1
OTU_2882	4	5	2	2	2	1	NA	NA	4	3	NA	2	4	4
OTU_2883	4	7	4	NA	6	5	4	3	6	1	2	1	3	6
OTU_2888	1496	1139	986	1435	1282	1529	1246	1008	1052	735	1352	714	434	1443
OTU_2901	51	60	85	25	63	126	28	100	108	26	117	54	48	85
OTU_2902	9	18	9	19	6	7	11	16	11	22	4	16	23	10
OTU_2903	4	1	NA	NA	3	1	NA	6	2	3	1	1	1	1
OTU_2904	19	7	37	23	32	6	12	50	26	38	20	41	27	4
OTU_2906	26	19	13	23	22	9	18	15	8	38	9	31	24	13
OTU_2909	7	6	10	27	7	28	35	16	9	23	22	16	10	18
OTU_2910	9	7	28	9	19	8	16	13	9	26	17	17	27	3
OTU_2911	9	5	3	6	7	6	6	3	3	5	1	2	7	2
OTU_2913	5	8	10	14	10	15	8	10	7	16	11	8	6	12
OTU_2914	14	11	7	8	13	5	4	9	10	4	14	8	9	8
OTU_2915	15	5	37	17	35	6	10	20	16	39	17	37	33	4
OTU_2916	13	14	3	7	9	8	6	15	7	15	3	3	3	4
OTU_2917	7	3	1	4	2	2	2	1	3	7	1	3	1	1
OTU_2918	2	2	2	8	2	2	1	1	3	3	2	6	2	4
OTU_2919	8	13	1	14	3	13	9	7	12	36	13	16	9	8
OTU_2920	4	4	1	4	NA	4	5	1	4	7	NA	4	5	4
OTU_2921	3	12	9	7	8	2	7	5	4	16	6	17	10	11
OTU_2922	3	4	1	3	3	5	3	5	NA	5	5	4	NA	2
OTU_2923	4	4	2	3	6	2	4	2	5	6	3	3	1	2
OTU_2924	19	11	28	13	31	4	7	24	14	46	10	26	33	4
OTU_2925	4	4	3	3	3	5	3	1	3	10	5	2	6	5
OTU_2926	3695	3714	2556	4364	3355	3751	3595	2437	2829	8131	3424	5545	4911	3518
OTU_2928	21	13	3	11	12	4	13	4	6	11	6	17	9	9
OTU_2929	3	5	3	NA	2	10	3	4	10	3	3	2	5	4
OTU_2930	2	1	3	1	5	1	2	9	1	11	2	5	11	NA
OTU_2933	6	2	3	2	NA	8	6	2	2	4	6	NA	1	2
OTU_2935	1	2	NA	2	2	2	NA	1	1	1	2	1	1	NA
OTU_2937	2	2	2	NA	4	2	2	2	4	NA	2	1	3	NA
OTU_2940	11	4	3	1	2	8	2	NA	2	1	1	2	2	NA
OTU_2942	3	NA	1	2	6	NA	2	4	NA	5	2	4	4	3
OTU_2943	NA	2	NA	2	1	1	1	3	1	2	2	5	3	NA
OTU_2945	NA	1	4	3	NA	1	1	1	NA	2	NA	2	NA	1
OTU_2946	5	10	17	6	4	5	11	11	10	NA	3	6	4	9
OTU_2947	6	3	1	9	4	3	4	3	2	2	1	9	6	5
OTU_2949	3	3	3	NA	2	1	1	1	3	3	1	NA	1	NA
OTU_295	1	1	1	1	NA	1	1	2	NA	NA	1	2	NA	1
OTU_2950	3	3	2	NA	5	5	NA	3	3	NA	1	2	6	1
OTU_2952	1	1	NA	1	3	NA	2	2	NA	1	NA	3	1	2
OTU_2953	5	5	10	7	7	4	2	8	11	2	5	10	7	6
OTU_2955	1	NA	1	NA	1	2	NA	NA	1	1	1	1	1	2
OTU_2956	NA	1	2	1	NA	NA	1	NA	1	NA	NA	1	1	1
OTU_2957	1	5	4	4	1	4	3	4	6	NA	6	8	3	4
OTU_2959	1	2	2	1	2	NA	NA	2	3	2	NA	1	2	NA
OTU_2960	7	1	3	7	7	6	3	5	12	12	2	20	12	5
OTU_2962	1	NA	NA	5	2	2	3	NA	2	2	4	3	4	3
OTU_2965	2	2	NA	2	2	1	3	5	2	3	2	NA	1	5
OTU_2968	2	NA	NA	3	1	2	2	2	1	2	3	1	4	1
OTU_2969	1	2	NA	1	NA	NA	2	1	5	1	1	3	3	1
OTU_2970	4	1	NA	NA	NA	NA	2	1	NA	3	1	2	1	NA
OTU_2972	NA	2	1	NA	2	4	8	2	NA	2	2	5	14	2
OTU_2974	2	1	2	1	2	1	2	2	4	NA	NA	1	2	NA
OTU_2976	9	7	3	1	3	1	2	2	2	1	1	6	2	6
OTU_2977	1	2	NA	2	2	NA	1	1	NA	1	1	1	2	2
OTU_2980	3	NA	NA	2	3	2	6	2	NA	3	NA	4	1	2
OTU_2981	6	5	4	6	4	NA	9	5	4	NA	2	NA	NA	3
OTU_2984	NA	2	NA	1	NA	1	2	2	1	NA	NA	NA	2	3
OTU_2986	3	2	1	2	4	NA	4	2	1	1	NA	NA	3	3
OTU_2987	1	NA	2	NA	NA	NA	1	NA	1	2	NA	1	3	1
OTU_2993	3	1	NA	2	1	1	2	2	3	1	NA	2	1	NA
OTU_2995	NA	1	1	NA	NA	3	1	NA	1	3	2	2	NA	3
OTU_3	2	1	2	1	NA	NA	2	2	4	NA	NA	NA	1	2
OTU_3002	2	3	4	NA	NA	NA	1	1	3	1	1	2	NA	NA
OTU_3003	2	4	1	1	NA	1	1	3	7	NA	1	4	1	1
OTU_3006	2	6	3	1	4	1	NA	1	6	2	NA	2	2	3
OTU_3007	3	2	4	1	5	1	2	4	1	NA	3	1	1	1
OTU_3017	2	1	2	2	5	NA	NA	NA	2	1	3	3	4	1
OTU_3018	2	2	1	NA	3	NA	1	1	1	NA	NA	NA	NA	1
OTU_3020	1	NA	2	2	NA	NA	2	1	NA	1	NA	3	1	NA
OTU_3021	3	2	1	NA	3	NA	NA	NA	NA	1	2	1	1	1
OTU_3030	2	NA	2	NA	1	NA	NA	2	1	NA	NA	1	1	1
OTU_3048	2	5	3	NA	1	2	4	5	5	1	4	1	2	4
OTU_3051	150	157	169	225	188	290	197	123	161	346	196	211	152	141
OTU_3054	1	1	1	NA	3	NA	3	2	2	NA	NA	NA	NA	2
OTU_3056	5	3	2	1	1	NA	NA	1	1	NA	NA	2	4	NA
OTU_3057	1	1	2	3	1	NA	4	1	NA	1	NA	3	1	NA
OTU_3058	2	3	4	3	NA	1	3	1	4	1	NA	2	3	NA
OTU_3059	2	1	3	NA	NA	1	NA	NA	1	NA	2	1	1	NA
OTU_3062	NA	1	1	1	1	1	1	NA	NA	NA	1	NA	1	NA
OTU_3079	1	4	1	1	1	1	1	1	4	1	NA	2	NA	NA
OTU_3081	5	1	NA	1	NA	1	NA	NA	NA	1	1	1	1	NA
OTU_3093	31	17	16	23	22	12	17	16	16	42	17	30	18	20
OTU_3099	4	1	3	3	1	1	1	1	3	NA	1	2	1	1
OTU_3100	3	2	1	1	1	1	NA	1	NA	NA	1	1	NA	NA
OTU_3102	4	4	3	5	4	2	6	3	8	1	4	9	6	3
OTU_3103	3	4	4	2	4	1	1	2	9	NA	2	5	1	2
OTU_3104	1	NA	1	NA	NA	1	1	2	1	NA	NA	1	NA	1
OTU_3107	266	110	166	164	179	76	134	293	174	188	144	238	124	73
OTU_3110	1	2	1	NA	NA	1	2	1	1	NA	1	2	3	NA
OTU_3111	NA	1	NA	1	NA	NA	2	1	3	2	NA	2	1	1
OTU_3112	6	4	4	5	6	4	6	3	7	NA	6	NA	NA	7
OTU_3114	5	4	1	NA	6	3	5	8	7	NA	3	3	NA	5
OTU_3115	1	1	NA	1	3	2	5	5	7	1	2	NA	NA	NA
OTU_3132	1	1	1	NA	NA	NA	1	2	1	1	NA	1	NA	NA
OTU_314	1	1	NA	1	NA	NA	1	1	NA	NA	3	1	1	NA
OTU_3143	6	3	3	2	1	4	4	2	5	NA	2	NA	1	NA
OTU_3149	9	4	3	2	4	NA	2	1	2	NA	NA	5	5	4
OTU_3157	1	NA	1	3	NA	2	NA	2	NA	1	NA	1	3	1
OTU_3161	1	1	NA	1	1	NA	2	1	1	NA	NA	1	NA	NA
OTU_3168	2	1	2	1	NA	1	3	1	1	1	NA	5	1	NA
OTU_3173	2	2	NA	NA	NA	NA	1	2	3	1	NA	NA	3	2
OTU_3175	1	NA	NA	1	1	NA	NA	1	2	NA	2	3	NA	1
OTU_3181	1	1	NA	1	1	1	2	NA	NA	NA	1	1	NA	NA
OTU_3183	NA	3	1	1	4	1	3	1	1	NA	NA	1	1	3
OTU_3188	NA	NA	NA	NA	2	1	1	2	1	NA	NA	1	1	2
OTU_3191	2	1	2	1	NA	NA	5	2	3	1	NA	1	3	1
OTU_3199	1	2	1	1	NA	NA	NA	1	NA	1	NA	1	1	NA
OTU_32	1	2	1	4	2	3	2	1	NA	1	2	1	NA	1
OTU_3201	2	2	2	NA	2	1	NA	NA	3	NA	1	1	NA	NA
OTU_3203	3	1	2	NA	2	1	NA	1	NA	NA	NA	2	2	1
OTU_3206	3	NA	2	NA	3	NA	NA	2	2	2	1	1	NA	NA
OTU_3209	5	6	NA	3	5	8	7	3	3	2	2	5	2	5
OTU_3216	9	9	NA	2	13	12	4	10	3	3	5	8	18	6
OTU_3217	2	3	2	1	NA	NA	1	NA	2	1	2	1	3	NA
OTU_3220	1	NA	2	NA	2	1	2	1	NA	NA	1	NA	NA	1
OTU_3222	3	1	3	NA	NA	1	NA	2	1	NA	NA	1	1	3
OTU_3223	1	1	6	2	4	NA	NA	3	1	4	2	5	4	2
OTU_3224	NA	2	1	2	NA	2	1	NA	1	NA	2	2	NA	NA
OTU_3225	4	NA	1	1	NA	NA	2	1	2	NA	3	NA	NA	1
OTU_3231	1	2	2	NA	1	1	NA	NA	1	NA	NA	NA	3	1
OTU_3234	NA	1	1	NA	NA	NA	2	1	1	1	NA	2	1	2
OTU_3235	NA	NA	1	1	2	NA	3	1	3	NA	2	1	NA	2
OTU_3240	3	NA	1	NA	NA	2	1	1	4	NA	2	1	2	1
OTU_3242	1	1	2	1	1	NA	1	1	1	NA	NA	NA	1	1
OTU_3248	2	NA	1	NA	NA	2	3	3	2	NA	NA	2	2	NA
OTU_3252	83	106	99	89	55	103	98	85	66	182	108	99	90	78
OTU_3261	3	2	3	1	3	2	4	NA	4	1	2	4	5	4
OTU_3281	222	232	161	162	227	150	141	143	194	242	229	231	328	152
OTU_3282	84	46	52	70	64	60	60	46	45	10	61	29	17	81
OTU_3283	70	81	32	49	55	28	51	30	51	58	31	78	98	64
OTU_3284	17	16	5	17	15	9	8	9	12	15	10	16	27	13
OTU_3285	13	6	8	7	12	7	9	8	10	15	7	9	9	7
OTU_3286	71	34	33	18	20	17	35	41	31	4	22	19	8	27
OTU_3287	33	31	20	13	22	20	21	21	24	7	16	16	10	22
OTU_3288	10	6	5	7	10	8	10	11	10	23	7	15	10	14
OTU_3289	11	1	11	6	3	13	6	12	6	6	9	8	12	1
OTU_329	4	3	NA	1	2	1	1	NA	2	NA	1	7	4	1
OTU_3290	13	17	2	17	13	12	9	10	8	28	8	16	12	20
OTU_3291	38	25	21	37	29	30	29	10	35	15	11	26	24	26
OTU_3292	41	13	7	18	20	12	20	13	20	4	9	13	4	17
OTU_3293	2	1	NA	NA	4	1	2	2	1	1	2	2	5	2
OTU_3294	10	4	6	4	4	5	5	1	4	18	2	12	14	9
OTU_3295	10	17	4	5	11	5	9	5	7	2	6	5	5	8
OTU_3296	3	1	4	3	1	2	3	2	2	1	1	8	2	6
OTU_3297	23	8	8	17	13	3	11	18	20	2	6	14	12	6
OTU_3298	2	4	6	8	7	4	2	5	2	6	7	10	6	2
OTU_33	1	3	NA	NA	3	3	3	1	6	NA	5	NA	NA	2
OTU_3300	29	14	9	6	14	7	17	7	10	2	6	8	5	18
OTU_3302	22	15	10	24	15	16	23	3	19	12	11	29	20	13
OTU_3303	NA	2	3	1	2	1	1	NA	1	3	1	2	NA	NA
OTU_3304	9	6	2	8	8	6	5	NA	5	NA	1	3	2	1
OTU_3305	4	9	7	7	4	5	6	2	4	2	1	11	5	8
OTU_3306	17	13	11	5	8	9	6	4	5	NA	4	2	2	7
OTU_3307	4	6	4	4	4	3	7	3	8	5	1	8	10	2
OTU_3308	2	1	5	NA	NA	1	3	NA	1	1	NA	1	2	5
OTU_3309	117	112	54	89	83	45	81	46	80	42	68	101	119	101
OTU_3310	25	25	37	23	38	19	34	34	38	38	15	46	32	42
OTU_3313	38	23	16	22	16	18	18	11	16	10	7	25	16	18
OTU_3314	68	72	46	46	76	35	45	41	61	19	40	47	66	57
OTU_3315	2	11	7	5	14	2	7	7	5	8	9	8	10	4
OTU_3316	1	1	1	NA	NA	3	1	NA	1	NA	NA	1	1	NA
OTU_3317	3	7	5	9	5	5	3	4	4	1	6	2	4	4
OTU_3318	3	1	NA	2	3	NA	2	2	NA	1	NA	2	NA	1
OTU_3319	1	4	3	1	2	2	6	2	7	NA	1	7	7	4
OTU_3321	4	4	2	3	2	2	1	5	1	2	2	2	1	2
OTU_3322	14	7	11	9	4	10	8	8	12	3	8	9	3	7
OTU_3323	22	15	18	20	20	13	8	12	26	14	16	45	26	12
OTU_3324	8	1	4	2	4	1	1	3	1	NA	NA	3	NA	1
OTU_3325	13	11	8	5	9	2	11	9	11	2	4	9	7	6
OTU_3326	4	5	4	2	4	3	7	3	4	NA	NA	2	3	3
OTU_3328	8	2	2	2	2	NA	NA	1	4	2	3	NA	2	3
OTU_3329	13	5	5	8	7	5	8	1	19	3	6	5	4	8
OTU_3330	38	36	23	24	31	24	33	33	49	10	15	28	23	27
OTU_3331	9	2	6	2	3	7	3	4	2	NA	5	7	6	3
OTU_3332	NA	2	NA	2	1	1	NA	NA	1	1	1	1	1	2
OTU_3333	8	1	5	1	NA	NA	5	4	5	1	7	1	2	5
OTU_3334	9	3	6	6	8	4	2	2	3	5	2	7	4	4
OTU_3335	18	9	16	11	19	11	15	11	15	23	17	21	28	19
OTU_3336	2	1	NA	NA	6	NA	2	1	NA	NA	1	1	5	2
OTU_3337	14	11	5	3	4	3	11	2	10	10	7	20	15	7
OTU_3338	7	4	2	2	3	1	2	2	4	2	1	2	5	6
OTU_3339	4	6	1	NA	1	NA	NA	1	10	2	NA	NA	3	2
OTU_3340	6	6	3	4	5	2	4	4	2	4	1	3	5	3
OTU_3341	1	NA	NA	NA	2	2	2	1	2	NA	2	1	1	NA
OTU_3342	4	2	2	1	1	1	NA	2	7	1	NA	NA	1	NA
OTU_3345	9	9	8	7	6	4	6	2	13	3	7	7	16	4
OTU_3347	1	2	2	1	3	NA	1	1	NA	NA	NA	NA	NA	1
OTU_3348	1	3	NA	NA	1	1	2	3	NA	NA	1	NA	1	1
OTU_3350	1	1	1	2	2	1	3	2	2	NA	1	1	NA	2
OTU_3351	43	30	45	65	48	70	52	35	34	120	59	53	50	39
OTU_3352	2	NA	NA	2	1	1	2	2	2	NA	NA	1	1	1
OTU_3353	11	1	2	4	4	1	4	8	10	1	4	3	5	2
OTU_3358	5	1	3	5	2	4	2	2	4	3	2	1	NA	4
OTU_3359	9	2	2	1	3	2	4	7	4	NA	1	NA	NA	2
OTU_3360	6	10	2	7	10	4	3	2	1	1	NA	4	3	2
OTU_3362	12	6	15	5	6	5	11	6	7	NA	8	4	1	11
OTU_3363	3	2	2	1	3	1	3	NA	NA	NA	2	NA	NA	1
OTU_3365	4	1	1	1	3	NA	3	2	3	2	NA	4	5	2
OTU_3366	22	7	11	10	23	8	17	8	5	8	5	17	9	12
OTU_3367	1	NA	2	1	4	NA	1	NA	1	NA	NA	2	NA	1
OTU_3369	NA	3	2	3	3	1	2	6	1	1	NA	1	1	3
OTU_337	3	2	5	NA	3	NA	2	1	2	NA	NA	NA	NA	2
OTU_3370	5	5	4	1	2	1	3	4	4	NA	4	NA	1	2
OTU_3371	7	5	3	4	7	3	6	5	6	2	3	4	4	2
OTU_3372	9	5	3	4	1	1	1	2	5	NA	5	4	2	5
OTU_3374	5	NA	NA	2	1	NA	1	3	1	NA	1	1	1	1
OTU_3377	9	2	2	4	3	NA	4	7	5	NA	3	6	1	NA
OTU_3378	6	NA	3	2	2	1	2	2	1	1	2	2	1	NA
OTU_338	NA	3	2	1	NA	NA	1	2	1	NA	NA	1	NA	4
OTU_3384	2	NA	NA	1	2	1	3	NA	NA	1	NA	1	NA	1
OTU_3386	5	1	1	3	1	1	3	2	1	2	3	1	4	6
OTU_3387	18	11	6	9	4	6	9	2	9	9	4	9	4	5
OTU_3388	12	14	2	6	8	3	8	6	6	5	4	14	12	3
OTU_339	1	5	1	NA	1	1	NA	2	NA	NA	2	NA	1	1
OTU_3390	3	1	3	1	1	2	1	2	4	1	2	NA	1	2
OTU_3391	4	2	3	2	NA	NA	1	NA	3	NA	1	1	NA	NA
OTU_3392	5	NA	2	1	1	NA	2	2	1	NA	1	3	NA	1
OTU_3393	5	2	4	2	1	3	3	6	4	NA	3	1	3	3
OTU_3394	4	9	4	4	2	3	5	1	5	4	2	3	8	3
OTU_3396	2	1	2	1	NA	2	1	NA	1	1	2	1	NA	3
OTU_3397	6	3	1	2	4	2	1	4	2	2	2	2	1	1
OTU_3398	2	1	3	1	2	NA	NA	NA	2	2	NA	2	2	1
OTU_3399	1	2	2	NA	4	NA	2	2	2	NA	1	2	1	1
OTU_34	1	3	7	2	1	NA	1	3	5	NA	3	NA	NA	2
OTU_3400	87	53	28	47	41	19	52	35	58	14	33	48	44	63
OTU_3401	6	7	6	8	4	4	5	3	4	3	1	1	2	7
OTU_3402	3	1	NA	1	5	2	1	1	2	1	2	NA	1	1
OTU_3405	5	2	1	2	2	NA	NA	NA	NA	2	NA	2	3	4
OTU_3407	8	5	8	12	10	8	13	6	5	6	11	11	5	11
OTU_3409	1	1	1	NA	1	NA	1	NA	1	NA	2	NA	2	NA
OTU_3410	6	1	NA	2	1	NA	2	NA	NA	NA	1	2	1	NA
OTU_3412	3	1	1	1	NA	NA	1	NA	2	NA	NA	1	1	NA
OTU_3413	1	NA	2	2	NA	NA	1	1	3	NA	1	3	2	NA
OTU_3416	2	1	3	2	NA	NA	2	3	NA	1	NA	4	4	2
OTU_3418	7	7	NA	2	6	NA	NA	2	4	1	NA	5	2	7
OTU_3427	3	2	3	2	2	NA	1	4	4	NA	NA	NA	NA	4
OTU_3429	2	2	NA	1	1	NA	NA	NA	1	NA	1	4	2	NA
OTU_3430	3	5	NA	1	3	1	NA	NA	NA	3	2	2	5	1
OTU_3434	8	5	1	1	6	1	4	2	2	3	NA	3	1	3
OTU_3436	3	1	NA	2	3	1	3	2	3	NA	NA	1	1	1
OTU_3438	1	NA	NA	NA	4	1	NA	1	2	NA	NA	1	1	7
OTU_3439	2	1	1	1	2	2	NA	2	3	1	1	2	3	1
OTU_344	2	2	1	2	NA	1	2	1	1	NA	NA	NA	3	2
OTU_3441	1	NA	1	1	2	NA	1	1	2	NA	1	NA	NA	NA
OTU_3442	6	2	NA	NA	NA	NA	3	4	5	NA	1	3	4	2
OTU_345	1	1	2	1	1	NA	3	NA	2	NA	5	2	1	1
OTU_3455	1	2	1	1	NA	2	1	2	NA	1	1	NA	NA	2
OTU_3464	174	155	213	223	267	283	176	202	267	721	256	529	476	266
OTU_3473	6	5	7	2	4	4	1	8	4	6	2	6	3	4
OTU_3474	1	6	2	1	1	1	1	1	3	3	2	1	5	1
OTU_3475	NA	2	1	NA	1	NA	NA	2	1	1	1	NA	1	1
OTU_3476	4	3	2	1	1	1	1	NA	2	NA	1	NA	1	2
OTU_3477	2	4	1	1	1	NA	2	1	1	3	1	NA	NA	NA
OTU_348	4	NA	4	2	NA	3	NA	NA	NA	NA	2	1	2	1
OTU_349	5	2	5	3	4	2	8	2	2	3	3	4	3	2
OTU_35	71	61	63	49	49	36	71	58	42	65	61	50	90	87
OTU_351	NA	2	4	2	2	1	1	1	5	NA	2	2	1	3
OTU_352	1	1	1	NA	NA	1	1	4	2	NA	2	1	1	NA
OTU_353	36	10	14	25	25	36	14	16	31	27	22	31	21	16
OTU_355	NA	2	1	NA	1	NA	NA	2	2	2	1	2	3	3
OTU_356	2	4	2	2	1	1	2	2	4	NA	1	NA	1	1
OTU_360	1	4	5	1	6	4	1	9	1	3	3	2	4	3
OTU_361	NA	NA	NA	7	5	6	6	1	5	21	4	12	16	6
OTU_367	28	21	70	19	25	94	80	85	53	32	114	84	251	36
OTU_375	2	2	5	3	1	5	5	5	1	1	2	3	2	1
OTU_387	5	11	12	6	16	13	10	11	18	3	18	7	7	7
OTU_388	41	37	72	17	36	83	84	141	71	17	117	40	69	32
OTU_39	4	NA	3	4	1	2	1	1	1	NA	1	2	1	2
OTU_396	99	76	106	64	72	131	73	106	80	31	112	67	39	88
OTU_398	11	12	10	11	11	15	10	11	10	29	12	20	17	13
OTU_4	99	264	352	263	217	348	219	340	325	48	411	130	88	219
OTU_40	5	2	NA	NA	3	3	1	NA	3	NA	3	2	1	3
OTU_401	25	20	14	15	13	41	32	25	18	45	34	19	26	26
OTU_403	23	24	23	10	21	26	15	14	17	6	26	12	7	12
OTU_405	13	12	21	19	12	23	20	18	10	7	16	16	15	26
OTU_407	10	10	15	24	11	27	26	22	11	7	21	21	16	21
OTU_413	6	6	11	11	6	16	13	5	2	8	4	6	11	12
OTU_414	4	6	10	2	3	8	2	8	4	2	14	3	8	7
OTU_416	4	4	5	2	12	NA	3	2	6	7	8	8	7	4
OTU_419	10	4	17	3	5	19	5	9	15	8	11	12	2	9
OTU_420	1	4	2	2	NA	4	3	3	1	NA	6	1	1	6
OTU_421	3	3	7	2	6	13	9	10	6	3	7	7	7	13
OTU_424	3	5	4	4	6	4	4	4	6	12	1	7	3	3
OTU_430	NA	2	2	2	8	1	NA	2	1	4	NA	1	1	1
OTU_433	5	1	1	1	NA	NA	1	1	NA	NA	1	NA	NA	1
OTU_440	3	NA	8	1	NA	2	11	8	8	NA	5	4	15	2
OTU_443	4	NA	NA	2	1	2	NA	2	1	NA	2	1	2	NA
OTU_446	2	4	2	2	7	8	2	2	4	NA	6	1	NA	6
OTU_447	3	4	1	7	1	2	10	1	NA	NA	1	3	1	1
OTU_449	1	NA	1	1	1	2	1	1	NA	4	1	1	1	1
OTU_450	1	2	1	NA	1	1	NA	NA	1	NA	NA	NA	1	1
OTU_452	1	NA	1	2	NA	4	3	1	2	1	NA	1	NA	2
OTU_456	2	NA	NA	2	NA	NA	NA	1	1	1	3	2	7	1
OTU_46	21	14	16	11	14	22	17	16	17	14	25	9	3	15
OTU_463	1	NA	2	1	NA	2	NA	1	NA	NA	2	1	NA	1
OTU_466	2	2	1	2	3	1	2	1	NA	1	NA	1	2	NA
OTU_467	NA	1	NA	4	2	5	2	1	1	NA	1	NA	NA	1
OTU_468	NA	NA	6	NA	2	2	5	10	6	NA	5	1	3	2
OTU_47	4	10	8	6	4	8	7	6	16	NA	13	4	4	7
OTU_471	4	NA	1	2	2	1	2	2	NA	5	2	2	NA	1
OTU_474	1	2	NA	NA	1	1	NA	1	NA	3	NA	NA	1	1
OTU_476	4	9	3	2	2	2	1	3	9	1	5	5	3	2
OTU_477	1	3	NA	2	1	2	2	2	3	NA	1	1	NA	NA
OTU_478	NA	3	1	1	1	NA	1	1	NA	3	NA	1	2	NA
OTU_479	2	1	2	3	1	1	1	2	2	1	NA	2	1	2
OTU_480	3	NA	3	NA	3	1	2	1	1	NA	2	1	4	4
OTU_482	NA	1	2	NA	1	1	2	1	NA	NA	3	1	2	NA
OTU_485	NA	1	NA	1	1	NA	1	1	NA	2	2	1	NA	NA
OTU_488	3	1	6	NA	3	1	8	10	5	NA	5	5	15	3
OTU_496	1	NA	NA	NA	1	NA	NA	1	1	2	1	NA	2	1
OTU_499	2	1	NA	1	NA	2	NA	1	NA	NA	NA	1	1	1
OTU_5	4	1	8	6	14	5	2	13	6	1	11	2	10	3
OTU_50	NA	4	1	2	NA	NA	4	2	NA	1	2	NA	NA	1
OTU_500	3	2	3	1	NA	4	3	3	1	1	6	2	2	NA
OTU_505	NA	1	2	2	1	4	NA	1	3	NA	NA	NA	2	1
OTU_506	4	NA	2	1	2	1	NA	1	2	NA	NA	2	1	NA
OTU_512	2	NA	2	1	2	NA	2	3	1	NA	4	1	NA	1
OTU_514	NA	2	2	NA	2	2	NA	1	2	NA	2	NA	NA	2
OTU_516	3	4	3	2	NA	1	7	5	8	NA	4	3	7	1
OTU_52	4	2	4	3	3	4	3	3	4	2	2	3	4	5
OTU_529	6	3	13	1	2	7	10	14	12	4	9	4	20	5
OTU_53	2	2	NA	1	2	1	NA	NA	3	1	2	NA	2	2
OTU_530	1	NA	1	3	1	3	1	1	NA	NA	NA	NA	NA	3
OTU_531	2	NA	4	1	4	NA	4	5	1	NA	2	4	11	2
OTU_545	NA	NA	2	1	NA	NA	NA	1	1	1	1	1	2	NA
OTU_547	3	NA	2	1	NA	1	3	2	NA	NA	2	NA	1	4
OTU_549	5	2	4	1	NA	1	2	4	5	NA	1	1	NA	2
OTU_550	4	2	5	1	1	2	4	2	2	NA	6	2	3	NA
OTU_552	3	NA	2	NA	NA	3	7	15	6	NA	1	1	1	2
OTU_562	3	NA	2	NA	NA	1	3	4	1	1	2	1	2	2
OTU_564	76	39	137	30	43	66	139	207	98	32	136	104	248	41
OTU_570	NA	2	NA	2	NA	3	1	NA	1	1	1	NA	NA	1
OTU_572	159	194	129	256	180	242	208	155	136	358	186	221	150	211
OTU_573	NA	NA	NA	NA	NA	2	1	1	2	2	1	2	NA	1
OTU_574	1	NA	NA	2	NA	2	1	1	1	NA	1	NA	1	1
OTU_58	1	NA	1	1	2	2	1	2	2	NA	3	2	NA	1
OTU_59	NA	2	2	1	1	5	4	5	4	NA	9	1	NA	1
OTU_591	3	2	2	1	1	1	NA	1	8	NA	2	1	2	3
OTU_593	1	1	1	NA	NA	1	1	2	NA	NA	1	1	NA	NA
OTU_595	2	1	2	NA	1	NA	NA	2	1	NA	1	NA	NA	1
OTU_596	1	3	1	NA	NA	1	1	1	NA	NA	NA	2	1	2
OTU_599	3	3	NA	NA	NA	2	5	1	1	NA	3	NA	NA	3
OTU_60	4	2	4	1	1	3	2	2	2	NA	1	2	NA	4
OTU_600	6	4	5	1	2	2	10	4	8	2	8	5	10	4
OTU_61	2	2	2	NA	2	2	1	1	NA	NA	2	3	NA	1
OTU_62	1	2	2	1	3	1	NA	NA	5	NA	3	NA	NA	2
OTU_65	24	17	17	13	19	40	25	25	11	44	31	34	27	16
OTU_669	2	1	3	NA	NA	NA	3	1	1	NA	3	NA	1	NA
OTU_672	70	56	116	60	45	77	56	88	107	15	124	12	9	70
OTU_673	2	3	2	NA	3	2	1	2	2	NA	1	1	NA	1
OTU_675	4	NA	1	NA	NA	1	3	4	8	NA	1	1	NA	4
OTU_68	2	3	NA	NA	1	NA	2	NA	NA	NA	3	1	2	1
OTU_680	2	2	5	1	NA	NA	NA	4	2	NA	2	3	NA	NA
OTU_682	NA	1	1	NA	1	NA	2	1	NA	2	NA	1	NA	1
OTU_683	3	3	4	NA	4	1	3	1	3	1	1	NA	NA	1
OTU_684	2	1	1	2	2	1	NA	5	2	NA	2	NA	3	4
OTU_685	2	2	4	1	NA	1	6	3	7	1	3	NA	1	NA
OTU_686	1	NA	2	1	1	2	3	NA	4	1	2	4	4	2
OTU_687	NA	NA	4	1	NA	1	2	5	8	1	3	2	2	1
OTU_689	1	2	4	NA	1	2	5	2	5	NA	1	NA	NA	1
OTU_69	3	2	2	1	NA	NA	4	3	3	NA	1	NA	1	2
OTU_692	1	NA	1	1	NA	1	1	2	2	NA	2	2	NA	3
OTU_694	3	3	3	2	NA	1	3	6	3	NA	3	1	1	3
OTU_696	4	2	2	2	1	1	6	7	1	NA	7	1	NA	2
OTU_697	2	1	2	NA	2	NA	2	2	1	NA	NA	1	1	2
OTU_698	3	1	2	NA	1	NA	NA	3	6	NA	2	1	NA	2
OTU_699	3	NA	2	NA	2	1	6	3	4	NA	3	2	4	2
OTU_702	1	2	NA	2	1	1	NA	1	2	NA	NA	3	2	1
OTU_703	1	2	4	2	3	2	1	3	5	NA	2	2	2	2
OTU_705	2	NA	4	2	1	3	10	9	2	NA	5	3	11	4
OTU_706	1	NA	1	NA	NA	2	2	6	2	NA	3	3	1	1
OTU_707	1	NA	3	1	1	3	1	2	1	NA	1	NA	NA	NA
OTU_71	2	1	1	2	2	1	2	2	1	NA	1	2	3	2
OTU_710	5	2	2	4	1	NA	6	5	5	NA	1	1	2	5
OTU_711	1	1	NA	NA	2	1	3	1	2	NA	1	2	NA	NA
OTU_713	2	3	2	1	NA	1	3	1	1	NA	2	1	NA	1
OTU_714	1	NA	3	NA	1	1	1	3	NA	NA	NA	2	3	1
OTU_716	1	1	NA	NA	1	2	NA	1	NA	NA	1	1	NA	1
OTU_717	NA	1	NA	NA	2	NA	2	2	NA	NA	2	2	5	2
OTU_72	NA	4	4	1	1	1	NA	NA	6	NA	3	2	NA	1
OTU_727	1	NA	1	NA	1	NA	NA	1	1	1	NA	1	NA	1
OTU_728	1	1	NA	1	1	1	6	5	2	NA	2	1	2	4
OTU_734	1	1	1	3	NA	1	2	3	NA	NA	NA	NA	NA	1
OTU_736	2	1	1	NA	NA	NA	1	1	1	NA	1	1	1	NA
OTU_754	1	3	3	NA	NA	1	1	4	3	1	2	2	5	NA
OTU_76	2	NA	NA	2	1	1	2	1	1	NA	NA	1	NA	2
OTU_78	1	NA	1	2	3	1	NA	6	3	NA	3	NA	1	NA
OTU_79	14	10	8	14	4	6	5	4	7	15	7	4	9	6
OTU_796	226	145	266	201	127	246	220	282	207	54	344	84	42	210
OTU_797	83	47	109	70	62	81	90	99	45	31	127	47	11	61
OTU_798	31	26	47	25	26	34	26	55	44	10	54	16	10	44
OTU_799	33	24	52	19	30	28	18	53	38	6	34	8	8	27
OTU_8	100	69	112	95	85	88	101	88	55	89	94	62	111	137
OTU_800	29	21	39	14	18	26	18	39	33	6	45	4	1	30
OTU_801	9	13	19	7	14	15	14	18	19	4	27	2	4	16
OTU_802	15	6	15	11	9	15	13	18	7	3	27	5	4	8
OTU_803	8	5	8	4	5	8	5	11	5	1	11	1	4	6
OTU_804	6	3	7	3	3	6	3	7	7	NA	7	2	2	7
OTU_805	9	11	13	7	6	14	14	10	2	NA	12	3	3	6
OTU_806	3	3	8	1	1	6	3	8	8	1	9	NA	NA	2
OTU_807	2	7	4	4	7	4	3	2	3	8	1	5	4	5
OTU_808	6	3	4	3	3	5	5	7	1	3	8	2	3	5
OTU_809	4	2	3	5	3	1	2	NA	1	8	6	3	2	2
OTU_810	3	4	5	2	1	3	4	5	3	3	NA	2	3	3
OTU_811	1	3	1	2	1	2	1	2	3	9	NA	1	5	3
OTU_812	NA	1	NA	NA	1	1	NA	NA	1	3	NA	2	2	1
OTU_815	24	47	26	39	22	53	39	19	31	60	38	35	27	42
OTU_816	3	2	6	1	5	3	3	3	5	1	4	NA	NA	3
OTU_817	3	3	4	5	4	NA	4	2	6	NA	3	1	2	5
OTU_818	1	NA	NA	3	3	1	4	1	1	NA	2	3	NA	4
OTU_819	10	9	9	2	5	3	9	9	8	NA	4	7	1	6
OTU_820	NA	3	NA	NA	1	1	1	1	1	2	1	NA	NA	2
OTU_821	NA	1	2	NA	1	2	1	1	NA	2	NA	1	1	2
OTU_822	6	4	4	1	5	1	4	5	8	NA	3	3	1	14
OTU_823	4	2	4	4	2	NA	5	2	2	NA	3	4	2	2
OTU_825	NA	1	NA	2	1	1	NA	1	1	1	NA	2	NA	NA
OTU_826	1	1	1	2	1	NA	1	1	NA	NA	1	1	1	NA
OTU_827	12	4	6	4	3	5	11	7	8	3	7	4	1	10
OTU_828	9	2	6	1	2	2	3	7	1	1	2	NA	1	2
OTU_833	NA	1	1	1	1	1	NA	NA	1	2	NA	2	NA	1
OTU_834	1	2	2	NA	NA	NA	5	6	1	NA	2	NA	2	NA
OTU_835	7	NA	4	4	1	6	1	6	5	1	8	3	1	5
OTU_838	1	1	NA	NA	1	3	2	NA	NA	NA	1	2	NA	2
OTU_844	7	2	2	5	1	3	3	1	2	3	NA	1	NA	NA
OTU_847	2	4	3	2	1	3	1	NA	4	NA	NA	NA	NA	2
OTU_848	2	1	1	1	NA	1	NA	NA	1	NA	3	3	NA	3
OTU_849	1	NA	1	NA	NA	NA	1	1	2	NA	2	1	1	1
OTU_851	6	6	7	18	5	12	7	16	8	9	14	12	4	8
OTU_852	1	2	5	2	2	2	4	1	3	NA	5	2	NA	NA
OTU_853	3	4	4	3	2	1	2	6	5	NA	1	4	1	3
OTU_854	4	2	4	6	1	2	2	3	2	NA	1	4	NA	7
OTU_858	3	1	1	1	1	1	1	3	1	NA	NA	4	1	1
OTU_871	5	1	1	3	1	2	2	1	2	NA	2	2	NA	3
OTU_872	4	2	NA	NA	NA	2	2	3	NA	NA	1	5	NA	2
OTU_874	3	2	2	2	2	1	1	3	3	NA	1	1	NA	1
OTU_877	1	1	1	1	NA	NA	2	1	2	NA	3	NA	1	1
OTU_878	NA	1	2	1	NA	1	1	NA	1	NA	1	2	NA	1
OTU_880	1	1	1	NA	1	NA	2	NA	NA	NA	1	1	2	NA
OTU_881	1	1	2	1	NA	NA	2	1	2	NA	2	4	NA	4
OTU_882	4	4	6	2	NA	1	4	3	3	NA	1	4	NA	3
OTU_883	2	2	NA	1	1	NA	NA	1	2	NA	1	1	1	1
OTU_884	2	2	1	1	NA	NA	2	1	NA	NA	2	NA	1	1
OTU_886	NA	NA	1	3	1	1	1	NA	1	NA	NA	2	NA	1
OTU_891	3	1	6	NA	2	7	2	5	2	NA	4	NA	2	2
OTU_893	3	2	NA	2	1	NA	2	2	NA	NA	1	1	NA	1
OTU_896	NA	2	NA	NA	2	2	2	1	1	1	NA	2	NA	2
OTU_899	1	2	2	1	2	NA	NA	2	7	NA	3	1	1	1
OTU_9	20	2	24	23	33	30	15	5	9	NA	2	38	3	13
OTU_901	4	2	4	5	2	8	3	7	3	1	4	3	NA	8
OTU_902	4	1	3	1	2	1	NA	1	2	NA	3	NA	NA	3
OTU_905	2	6	2	NA	1	1	5	1	6	NA	2	2	1	3
OTU_914	9	9	7	17	12	7	14	8	6	3	3	13	5	8
OTU_915	2	1	NA	NA	1	1	2	NA	1	1	NA	NA	2	NA
OTU_916	6	NA	3	2	2	1	2	4	3	NA	3	NA	NA	5
OTU_917	7	2	NA	3	3	1	NA	3	2	2	NA	3	2	1
OTU_918	1	2	NA	3	2	2	NA	4	4	3	1	5	1	4
OTU_919	4	3	3	3	4	3	1	NA	2	2	2	2	1	1
OTU_921	5	6	1	4	2	2	1	2	5	2	4	2	5	5
OTU_922	2	2	NA	2	2	NA	3	NA	2	NA	NA	2	1	1
OTU_923	4	2	2	2	1	1	2	1	2	NA	2	NA	1	5
OTU_927	4	4	2	3	NA	NA	NA	5	2	NA	1	2	1	1
OTU_928	2	1	NA	4	1	NA	1	1	2	NA	1	NA	NA	NA
OTU_930	2	2	10	6	2	6	4	2	1	2	4	4	1	3
OTU_931	2	3	NA	NA	2	1	1	1	1	NA	2	1	NA	2
OTU_932	7	3	4	2	4	1	3	6	10	1	1	1	5	1
OTU_938	153	126	115	165	128	131	141	90	69	127	149	129	113	196
OTU_94	3	NA	4	1	1	NA	1	1	2	1	1	NA	1	NA
OTU_940	15	24	21	19	22	20	15	19	26	22	34	17	25	20
OTU_941	1106	1191	1581	639	975	1226	650	1545	1269	546	1172	999	1549	1204
OTU_942	12	10	12	4	12	19	8	11	22	8	12	8	4	8
OTU_943	11	11	8	12	14	13	8	10	12	12	12	10	16	12
OTU_944	36	58	76	26	37	61	30	43	37	71	94	41	78	42
OTU_945	5	4	2	5	4	5	6	3	1	3	6	6	2	4
OTU_946	3	3	1	NA	2	1	1	NA	2	3	2	2	3	1
OTU_947	1282	1258	1431	1192	1098	2142	1659	1483	1301	1066	1648	1074	925	1286
OTU_948	686	880	820	661	1000	804	751	904	1134	507	1062	373	472	885
OTU_95	3	7	2	2	2	4	4	6	5	NA	6	3	NA	1
OTU_950	919	3195	1825	1779	1679	1887	2210	2025	2336	2017	2565	2858	2100	1969
OTU_951	6	1	2	1	3	1	1	1	NA	NA	1	1	1	NA
OTU_952	93	62	112	89	56	158	114	115	55	58	154	62	48	71
OTU_953	9	8	17	10	14	17	3	20	25	10	13	13	9	21
OTU_954	9	6	4	4	3	NA	5	4	NA	NA	4	2	1	5
OTU_955	12	17	4	1	6	1	9	4	6	1	4	6	4	8
OTU_956	11	4	4	3	4	3	4	6	3	NA	3	3	NA	6
OTU_957	2	2	NA	2	NA	1	4	1	1	1	1	1	2	3
OTU_958	4	2	1	2	3	2	6	NA	1	NA	1	1	2	3
OTU_96	1	1	1	NA	2	1	1	3	3	1	4	2	NA	1
OTU_960	1	1	2	3	NA	1	NA	NA	1	1	1	1	2	2
OTU_964	3	2	1	1	NA	1	1	2	2	1	NA	NA	1	3
OTU_965	4	4	3	1	1	1	NA	3	1	NA	3	3	5	3
OTU_969	2	NA	NA	NA	1	1	2	4	1	NA	1	1	NA	1
OTU_971	1	NA	2	NA	2	1	1	2	1	1	1	NA	NA	1
OTU_973	5	2	NA	4	2	2	1	3	5	1	1	1	NA	1
OTU_974	6	1	1	3	3	1	1	1	1	NA	1	3	2	1
OTU_975	6	1	NA	NA	1	1	1	4	NA	NA	NA	1	NA	1
OTU_976	4	1	7	NA	NA	NA	3	3	1	NA	3	NA	NA	2
OTU_977	1	1	1	3	1	2	4	4	2	NA	2	6	2	NA
OTU_978	2	6	4	1	3	5	2	5	2	2	9	6	5	4
OTU_979	3	2	1	NA	2	4	NA	1	2	NA	1	1	NA	1
OTU_980	6	NA	1	1	2	1	2	1	1	NA	NA	1	2	1
OTU_985	1	NA	NA	2	2	NA	3	2	1	NA	1	NA	NA	2
OTU_99	NA	2	2	1	NA	NA	1	1	2	NA	1	NA	NA	1
OTU_994	4	1	NA	1	1	1	NA	1	NA	NA	2	NA	1	5
OTU_997	1	NA	NA	1	NA	1	3	NA	1	1	2	1	1	2
OTU_999	8	9	14	13	11	20	14	11	12	8	20	8	6	15
